1000 3397.000000 498410.300000 499499 496799
2000 14111.400000 1997229.500000 1998945 1990999
3000 36282.600000 4496671.600000 4498329 4494672
4000 69286.300000 7995150.000000 7997997 7987122
5000 104303.700000 12491898.900000 12496720 12480109
6000 149687.200000 17990937.800000 17996622 17982465
7000 221113.300000 24490130.300000 24494904 24482805
8000 268829.400000 31991191.400000 31995847 31980600
9000 337651.400000 40487272.900000 40495035 40453305
10000 418955.800000 49988846.700000 49994922 49968665
