[[105.6    9.3   81.52  93.27  88.86 106.55  79.62  82.93  92.49  81.05
  104.79  81.4   96.25 102.15  93.67  56.47  59.43]
 [ 61.61  96.22  50.55  55.45  15.48  61.64  32.37  48.84  46.11  40.66
   54.74  49.35  61.94  56.57  59.06  80.41  75.  ]
 [ 76.64  79.69  20.57  41.67  49.68  77.03  53.83  61.06  66.52  51.97
   77.51  58.26  69.03  73.02  71.94  68.98  43.59]
 [ 93.42 105.06  49.76  16.33  68.83  99.27  76.15  90.73  87.82  80.49
   90.78  85.2  105.63  66.22  95.25  93.77  70.54]
 [ 61.84  75.16  48.59  64.69  33.65  56.89  23.13  23.72  34.59  19.35
   52.89  22.03  54.36  56.59  45.96  62.27  65.55]
 [ 85.06 117.04  86.3   98.35  70.53  16.52  65.03  58.69  62.11  69.99
   59.56  72.55  85.27  83.77  69.66 105.2  103.92]
 [ 60.84  89.06  61.42  78.01  42.47  49.16  33.47   5.43  36.29  26.07
   56.46  23.73  55.83  66.98  43.97  75.2   78.04]
 [ 59.    96.85  64.87  75.65  41.84  51.58  27.5   39.85  10.43  34.82
   28.    32.38  68.98  52.36  33.73  83.4   84.74]
 [ 61.95  87.78  52.89  67.58  29.71  60.08  24.66  26.06  32.87   9.43
   53.61  27.14  48.22  62.48  44.88  66.36  72.7 ]
 [ 73.1  109.85  79.43  87.95  57.9   47.39  46.22  56.2   32.09  56.81
   14.03  55.72  80.48  61.45  55.98  96.29  97.82]
 [ 84.7  107.7   87.42 103.19  64.86  56.22  67.14  59.41  67.57  64.07
   75.73  72.27  68.53  94.47  66.27 100.45 102.6 ]
 [ 55.4   83.22  55.22  70.05  40.37  60.28  28.4   23.7   27.4   24.48
   51.35   7.49  61.    59.21  36.62  71.94  69.98]
 [ 92.67 107.45  83.25 102.18  60.93  87.92  67.09  68.06  77.58  59.24
   88.54  73.41  19.76  98.41  85.27  97.23 101.16]
 [103.66 123.98  91.16  81.72  79.65  97.2   79.97  92.05  81.19  85.07
   71.42  84.51 108.62  29.39  94.12 118.97 114.37]
 [ 64.5   91.61  63.77  65.84  42.81  67.21  35.9   38.4   37.66  36.25
   52.47  28.65  71.27  39.75  47.46  83.6   81.65]
 [135.79 128.33 121.13 134.83 118.36 135.96 112.35 113.05 125.34 103.58
  135.36 119.48  96.21 140.11 129.63 104.46 125.27]
 [108.39  72.03  88.66  96.5   86.44 110.15  79.24  86.46  94.11  76.9
  107.98  88.82  98.07 111.9   99.58  21.62  73.07]
 [ 81.77  53.47  53.31  65.26  57.8   82.92  51.07  54.78  65.45  49.13
   82.98  53.81  75.54  84.02  68.79  31.64  34.84]
 [104.25  64.22  65.37  66.75  85.95 106.83  86.12  92.47  99.72  89.05
  111.19  91.15 106.88 108.13 101.34  61.62  17.38]]


[ 8  9] -> 9.43 (y 24.66), en mi opinion estos valen

Sus distancias: 
[[105.6    9.3   81.52  93.27  88.86 106.55  79.62  82.93  92.49  81.05
  104.79  81.4   96.25 102.15  93.67  56.47  59.43]
 [ 61.61  96.22  50.55  55.45  15.48  61.64  32.37  48.84  46.11  40.66
   54.74  49.35  61.94  56.57  59.06  80.41  75.  ]
 [ 76.64  79.69  20.57  41.67  49.68  77.03  53.83  61.06  66.52  51.97
   77.51  58.26  69.03  73.02  71.94  68.98  43.59]
 [ 93.42 105.06  49.76  16.33  68.83  99.27  76.15  90.73  87.82  80.49
   90.78  85.2  105.63  66.22  95.25  93.77  70.54]
 [ 61.84  75.16  48.59  64.69  33.65  56.89  23.13  23.72  34.59  19.35
   52.89  22.03  54.36  56.59  45.96  62.27  65.55]
 [ 85.06 117.04  86.3   98.35  70.53  16.52  65.03  58.69  62.11  69.99
   59.56  72.55  85.27  83.77  69.66 105.2  103.92]
 [ 60.84  89.06  61.42  78.01  42.47  49.16  33.47   5.43  36.29  26.07
   56.46  23.73  55.83  66.98  43.97  75.2   78.04]
 [ 59.    96.85  64.87  75.65  41.84  51.58  27.5   39.85  10.43  34.82
   28.    32.38  68.98  52.36  33.73  83.4   84.74]
 [ 61.95  87.78  52.89  67.58  29.71  60.08  24.66  26.06  32.87   9.43
   53.61  27.14  48.22  62.48  44.88  66.36  72.7 ]
 [ 73.1  109.85  79.43  87.95  57.9   47.39  46.22  56.2   32.09  56.81
   14.03  55.72  80.48  61.45  55.98  96.29  97.82]
 [ 84.7  107.7   87.42 103.19  64.86  56.22  67.14  59.41  67.57  64.07
   75.73  72.27  68.53  94.47  66.27 100.45 102.6 ]
 [ 55.4   83.22  55.22  70.05  40.37  60.28  28.4   23.7   27.4   24.48
   51.35   7.49  61.    59.21  36.62  71.94  69.98]
 [ 92.67 107.45  83.25 102.18  60.93  87.92  67.09  68.06  77.58  59.24
   88.54  73.41  19.76  98.41  85.27  97.23 101.16]
 [103.66 123.98  91.16  81.72  79.65  97.2   79.97  92.05  81.19  85.07
   71.42  84.51 108.62  29.39  94.12 118.97 114.37]
 [ 64.5   91.61  63.77  65.84  42.81  67.21  35.9   38.4   37.66  36.25
   52.47  28.65  71.27  39.75  47.46  83.6   81.65]
 [135.79 128.33 121.13 134.83 118.36 135.96 112.35 113.05 125.34 103.58
  135.36 119.48  96.21 140.11 129.63 104.46 125.27]
 [108.39  72.03  88.66  96.5   86.44 110.15  79.24  86.46  94.11  76.9
  107.98  88.82  98.07 111.9   99.58  21.62  73.07]
 [ 81.77  53.47  53.31  65.26  57.8   82.92  51.07  54.78  65.45  49.13
   82.98  53.81  75.54  84.02  68.79  31.64  34.84]
 [104.25  64.22  65.37  66.75  85.95 106.83  86.12  92.47  99.72  89.05
  111.19  91.15 106.88 108.13 101.34  61.62  17.38]]

Mis correspondencias: 
[[ 0  1]
 [ 1  4]
 [ 2  2]
 [ 3  3]
 [ 5  5]
 [ 6  7]
 [ 7  8]
 [ 8  9]
 [ 9 10]
 [11 11]
 [12 12]
 [16 15]
 [18 16]]
Sus correspondencias: 
[[ 0  1]
 [ 1  4]
 [ 2  2]
 [ 3  3]
 [ 5  5]
 [ 6  7]
 [ 7  8]
 [ 9 10]
 [11 11]
 [12 12]
 [16 15]
 [18 16]]

####################

[[108.83  76.82  89.94  93.59  84.95  79.45 109.84  88.69 102.88  97.64
   79.59 106.43 106.94]
 [ 72.85  52.47  18.12  56.15  48.54  38.77  70.07  43.47  61.55  43.73
   46.03  63.04  62.68]
 [ 67.26  20.77  50.13  42.71  60.82  54.07  82.95  61.39  82.73  70.36
   55.74  79.16  76.71]
 [ 87.05  63.97  67.64  27.07  89.75  81.16 103.08  81.08 109.82  83.37
   82.82 110.51  60.13]
 [ 68.02  44.88  36.2   64.61  23.9   18.    62.31  29.89  58.63  43.56
   21.69  64.43  68.37]
 [ 93.44  83.47  63.64  99.55  59.05  66.18  26.85  63.45  36.86  60.1
   70.2   82.73  98.51]
 [ 69.32  54.96  41.45  77.25   9.05  23.31  58.5   36.64  50.41  46.69
   23.33  66.61  79.33]
 [ 66.81  64.06  43.91  77.75  38.71  36.24  50.84  10.28  57.93  23.92
   31.93  74.69  71.43]
 [ 62.93  45.18  32.97  66.45  26.97   8.83  66.25  32.23  57.88  45.11
   27.04  58.96  74.53]
 [ 78.36  77.56  59.01  91.19  55.36  55.71  43.49  35.11  59.74  28.85
   55.34  84.35  83.67]
 [ 93.87  81.54  58.44 103.13  62.44  59.93  67.65  69.74  20.52  70.57
   69.09  57.36 104.51]
 [ 60.16  50.65  43.01  70.76  22.47  26.2   64.52  25.13  63.48  41.95
    9.96  71.26  73.22]
 [100.2   70.87  65.86 100.89  68.09  59.19  94.75  77.53  73.38  84.14
   73.79  32.65 105.37]
 [113.62  99.32  85.83  91.07  90.55  87.53  93.4   71.59 108.71  65.16
   85.33 114.72  34.96]
 [ 72.82  64.16  46.43  69.37  36.91  36.53  70.34  31.05  71.17  40.31
   30.03  78.67  53.4 ]
 [136.37 104.17 120.26 131.62 115.68 105.1  139.85 126.05 134.71 132.07
  119.86 131.32 143.48]
 [101.99  77.22  88.35  91.98  88.59  74.87 111.86  93.36 110.3  101.94
   88.35 110.62 117.67]
 [ 69.88  38.78  59.94  64.24  56.63  47.86  87.32  62.85  84.65  74.71
   51.97  87.39  92.45]
 [ 87.48  55.47  85.53  68.01  93.5   87.78 111.13  96.59 112.17 104.21
   87.74 112.71 112.16]]

 [ 8  5] -> 8.83 (y 27.04)


Sus distancias: 
[[108.83  76.82  89.94  93.59  84.95  79.45 109.84  88.69 102.88  97.64
   79.59 106.43 106.94]
 [ 72.85  52.47  18.12  56.15  48.54  38.77  70.07  43.47  61.55  43.73
   46.03  63.04  62.68]
 [ 67.26  20.77  50.13  42.71  60.82  54.07  82.95  61.39  82.73  70.36
   55.74  79.16  76.71]
 [ 87.05  63.97  67.64  27.07  89.75  81.16 103.08  81.08 109.82  83.37
   82.82 110.51  60.13]
 [ 68.02  44.88  36.2   64.61  23.9   18.    62.31  29.89  58.63  43.56
   21.69  64.43  68.37]
 [ 93.44  83.47  63.64  99.55  59.05  66.18  26.85  63.45  36.86  60.1
   70.2   82.73  98.51]
 [ 69.32  54.96  41.45  77.25   9.05  23.31  58.5   36.64  50.41  46.69
   23.33  66.61  79.33]
 [ 66.81  64.06  43.91  77.75  38.71  36.24  50.84  10.28  57.93  23.92
   31.93  74.69  71.43]
 [ 62.93  45.18  32.97  66.45  26.97   8.83  66.25  32.23  57.88  45.11
   27.04  58.96  74.53]
 [ 78.36  77.56  59.01  91.19  55.36  55.71  43.49  35.11  59.74  28.85
   55.34  84.35  83.67]
 [ 93.87  81.54  58.44 103.13  62.44  59.93  67.65  69.74  20.52  70.57
   69.09  57.36 104.51]
 [ 60.16  50.65  43.01  70.76  22.47  26.2   64.52  25.13  63.48  41.95
    9.96  71.26  73.22]
 [100.2   70.87  65.86 100.89  68.09  59.19  94.75  77.53  73.38  84.14
   73.79  32.65 105.37]
 [113.62  99.32  85.83  91.07  90.55  87.53  93.4   71.59 108.71  65.16
   85.33 114.72  34.96]
 [ 72.82  64.16  46.43  69.37  36.91  36.53  70.34  31.05  71.17  40.31
   30.03  78.67  53.4 ]
 [136.37 104.17 120.26 131.62 115.68 105.1  139.85 126.05 134.71 132.07
  119.86 131.32 143.48]
 [101.99  77.22  88.35  91.98  88.59  74.87 111.86  93.36 110.3  101.94
   88.35 110.62 117.67]
 [ 69.88  38.78  59.94  64.24  56.63  47.86  87.32  62.85  84.65  74.71
   51.97  87.39  92.45]
 [ 87.48  55.47  85.53  68.01  93.5   87.78 111.13  96.59 112.17 104.21
   87.74 112.71 112.16]]

Mis correspondencias: 
[[ 1  2]
 [ 2  1]
 [ 6  4]
 [ 7  7]
 [ 8  5]
 [10  8]
 [11 10]]
Sus correspondencias: 
[[ 1  2]
 [ 2  1]
 [ 6  4]
 [ 7  7]
 [10  8]
 [11 10]]
OK
