169.06457204716722
163.7074853602345
169.04611758833258
156.9156705558999
169.08106135523815
93.79241276189481
197.3735554787662
93.83980811984146
233.3208479804132
157.01669999529358
233.1207773671819
233.1224615045546
105.04194129905987
144.43711001448239
154.59603644400798
107.48506136241807
103.59495321629635
110.63563932297707
102.04928780753364
114.0051990196549
114.02644720810105
116.65217157116871
128.57217167991735
92.8503304437436
272.7936232247013
126.7012843339839
77.27950373379632
48.992403362533004
74.32728035895985
159.00043791882854
124.25547539788526
301.6210882845477
103.80328202734232
102.93022525991309
355.78930432917
159.66065797628767
92.49750245824258
88.78426075967252
87.90407842523668
107.79396772812554
106.5430967340721
105.71121182429069
103.14561280881718
99.85141969482378
97.70641586738208
94.89642979213154
270.59267548506443
94.98114730988966
125.40474928503758
90.38083657769182
96.81297245112917
80.11738074754545
97.09181773072417
137.53752621210378
173.04737842763242
104.84765470453996
108.75191025013949
64.66531119571249
110.73295409538751
85.99640718635217
96.1610028555059
70.91652724522291
86.46044943384034
86.45941172371465
71.09792330082584
59.625577804518535
84.60788839960684
68.75031945755075
135.31538662059452
90.07724796463415
82.06329056084536
190.4975059068948
102.1619658856018
91.39997492868017
87.33511120518592
118.32947425558122
95.10705710077346
161.73714624400301
168.6655676796749
258.30226205774744
185.41997846333757
185.47063808995102
62.54043710462714
189.32162173015416
170.15644432000357
178.3766427441128
97.81862698713934
111.24394538399405
82.08049618965306
46.71348978316078
82.07610019151191
168.1722996650056
79.52615642186252
215.35069014055316
116.45794598455494
280.69210448367886
291.6246919919752
70.86059235374226
87.35476750160565
86.46467280036592
123.43086697512808
122.91724410523696
29.900688474397473
61.00901716535876
92.10221222822923
96.24340279307548
49.948658078471134
104.45457116054193
109.56345360020201
122.85451210652698
122.86680747762952
120.02684891310601
141.12426906043473
155.66326237809457
203.46761463916806
75.70296082498932
101.17651397264281
276.42525129862076
67.60800785763178
56.973423127797304
177.97858074224018
138.56402386605313
75.07595691840048
111.57288001807139
141.0115493005385
123.21727054842586
117.01121323689637
111.56641608679355
270.25916089013106
82.88874821644745
59.07267961721332
69.68020444045825
51.32813951149845
142.39249127108232
175.11477542959176
82.3665323257017
96.96455200956177
167.80469456193234
59.264414224214406
116.41617921225236
86.87876700455806
116.38508749749226
70.24473818892558
49.356522257251726
42.32965085449938
169.40516258361424
111.00651889117668
117.36154035645481
190.6913744009448
81.40244101403083
41.90776997747152
45.235726968429255
44.533604469237886
39.75257518071492
64.25458904527294
81.746737117779
73.58890468184555
78.19420378912064
69.7266284282072
110.8147153472593
100.22612314971761
74.64305915701017
65.30496167840067
86.56287016838643
90.81445486246528
72.1898736798268
49.27918856674929
171.52233909960768
116.23479721870808
174.5143300016308
77.08826797779024
58.8694588876184
73.20573824871967
114.82530666833973
126.93157455574834
118.90605528282235
125.81793337437372
101.1705425231974
58.12680495461009
83.78820800466129
71.09875460010349
364.64969443033857
100.59264476466119
393.6184741165616
77.5629614244351
145.81159659632482
32.20940152200834
91.54436276359942
297.7401447852035
97.08062985059216
26.61507164575105
111.85660676176825
64.6760383165087
77.0231930203422
104.93712669328612
121.16862581958642
191.59428850092755
125.59059574762388
77.23397434673004
122.03053919589566
98.68007112115413
107.29675127455573
75.30930630242058
55.18412165504529
143.40955757640407
152.5353673639416
170.31595089089132
111.02010240892126
68.37830251120128
65.38076182261781
165.83684595701064
273.93254579949485
94.455330378772
291.9020467248357
128.62133179556434
274.1522630166664
77.41495785736122
273.3159127059065
69.32481284706601
90.25867526213177
67.12846434640262
273.5638791230002
66.01881947449853
52.974414602075335
257.0427099612603
99.68881719837498
89.4500905842859
44.05051224533462
69.42071167242769
161.6922257282635
62.95204277737351
52.11563191902524
56.0465956071877
91.72010254453892
132.9547887665041
326.1546868416885
76.80068253789808
106.16845944616512
94.15728049210844
55.45340174975389
55.440127089512885
74.5205147245394
58.67146483289133
107.76572616690862
110.19101492993008
70.73187553785343
69.0410459523963
68.31030576956918
71.07111704562843
110.10718661653311
62.01041030542627
67.2932140422152
89.49617496743083
65.0400819450859
77.82247468815596
104.34227109705381
289.497439308685
48.73862388197187
94.29406320708907
95.07716041844729
84.45362372613432
79.23308444441535
94.75941990417414
96.8584367749872
55.36694873028485
76.10426829837573
91.66196727073913
76.53154031510375
65.91473910670106
93.27017002631924
96.17683634813883
70.1135843912689
281.13991066770967
57.024866857531244
49.6918916916981
54.39443070710595
184.23186667062794
50.1450348919439
46.66356091493244
22.6998071803882
108.34662154042233
76.8856118819845
173.0458652146731
74.06006576021633
107.14635133178801
66.51661277009677
111.65492500845329
114.42740884483607
110.6396110953427
57.01184094189883
48.56510729374855
64.4315553393772
158.03431730135063
166.63407035350508
88.66361009298089
78.28514244960368
73.13559916758614
53.39104739980559
112.23045867991446
119.0308883458258
132.56608233231717
89.64425542248652
88.27627959830203
61.89329493063344
153.3294688824296
42.05054886193041
83.42458969097422
120.34303230497667
105.72886951467302
111.63240575387357
58.1547309112615
89.85939233293168
77.46598000836036
59.58270240943308
80.61339255239925
148.14759761227236
185.29647556958736
63.31097309446919
90.25657118678487
96.08939240051302
88.97069310448536
45.13767106066409
100.31518994765719
99.10937952485558
73.4640854914956
74.62784648746387
71.40863764355856
127.45033452773079
139.48707140316424
38.60904369431479
50.167974969032485
46.639920201270876
66.0666383698142
68.06953687059688
93.8770815999697
66.03071746970934
66.00571915006067
104.50694087685173
73.01675072123062
65.21938957499641
99.73105826944284
145.14837581303985
100.20383961642399
66.73188619859641
99.52438851276823
75.57760499965899
104.28122111698406
105.11744508097723
96.378593357674
95.0455144196927
95.86727114504139
115.699689217917
95.05506580094456
78.59537947907098
101.14012804878787
99.02067183422973
86.67870069805322
90.00766436990637
104.35299068380787
59.25491980079361
69.15048312128435
78.66114499379484
120.54192320658422
149.95720894340275
138.8180054265196
134.20196421543002
132.83499032586982
229.26191020610625
71.55969915590977
114.18121702199477
89.62450431808153
97.1668425920649
305.74013420038654
125.31739189626943
55.17412668733475
52.86015068114069
56.5660408942684
74.68411168526768
129.61078923160576
131.01284726354456
87.99209627224438
219.79089397019357
158.2808182463031
158.92973942425445
34.87512037375826
45.589923232272454
186.99829911636192
62.27498752422606
62.3160406402634
62.240314079383324
72.76022512568004
242.7993648574489
83.33294075539482
99.39171356947035
46.45866278577653
61.789748096034856
45.407228721612476
52.46862493531081
129.59630396656905
316.8033525412555
60.0748397196295
146.28053697578352
31.810174665338575
38.754789492388625
74.06844709065237
43.60146190346173
46.50950125037164
26.280553163692396
70.92101757423153
58.9272059258142
48.35454170872673
36.00329570336519
27.261865269958978
67.92422660101641
24.53798710544193
58.404490723306644
57.40842292039872
135.42893357538355
51.89746246792688
59.18605304042162
86.94608939892144
45.23687447490824
32.24560428412355
59.47753955092923
62.4218759886592
88.7335679264547
114.01195855028307
173.13280646732605
105.16114766714664
162.10437603060538
147.40479373909918
129.90375201715926
150.00170431812666
58.70700902390719
102.61802962755789
60.21539130353523
49.93847719881754
146.00523063870307
85.87550183824438
56.54906192211382
26.608741824755615
112.03087304198982
102.99804330157704
109.56093220717233
122.05768689907046
131.28821745720114
96.28050606148399
94.7469019826366
93.04136863573466
103.09231352425698
68.74228442036285
83.56641179633972
74.88080593699013
105.24309348144399
44.88351359697638
66.08283376525561
48.69866514419699
47.26202853086866
97.11999400258162
145.81343182760295
76.31321995390687
72.91279918491189
93.33624298972377
137.95552496015307
226.63221797090534
75.9975161730617
173.44563940560383
176.82479178492056
103.60126155289778
166.45823514582744
50.39165424017094
50.83537520157151
75.63798500040367
90.80327909394522
108.53654971735321
140.40096110683223
87.45395265191695
137.28371491045
108.46050772681645
57.22977077790184
49.57736393476063
33.65585666481642
100.76570488860855
33.46391489876975
125.36133448611922
127.96370902113136
90.57310262651697
64.38747503924155
47.52851342411324
98.59146098225293
33.07001566075228
111.19707463309332
111.5605880565942
41.44996875854069
119.66685399775132
119.39971325452878
122.15593544592845
116.11913205079188
68.9046152614822
36.03704330320729
119.14878561227845
119.15505148659106
107.02610836901704
74.6774657018034
114.37047787381178
119.86683729176546
90.1039446741221
74.35451128015086
134.6314248727934
145.3788734094728
130.26935162194692
54.20395394094888
71.70199499374203
113.87527992765575
106.03219660526102
59.75254114281245
130.05372474337136
140.20204939344103
78.76323870309243
163.6935103183654
88.796807216897
99.7586436130891
107.10060568321607
111.59300117536847
61.57939208889731
73.42955890318358
115.14792043395718
205.06983301540734
97.73112997862582
83.78895600313741
89.27369571114366
75.18257992634467
125.0413085915679
141.93218484149367
75.808802681725
75.2778629578694
74.05644548173771
74.15076445897044
74.4953548883314
75.88227539418928
73.25683059109869
75.23929686351528
135.63512326372452
141.91007962560107
140.77854662604474
114.0381875890457
81.75063684142792
50.38721958948534
53.38562948546728
159.94526783743754
154.8575773273088
133.64208158833068
170.2284103415495
154.5692127613577
69.52394720865588
122.65562070086403
115.23283996650785
60.50432624134413
64.92926293142337
47.790387740545015
41.10456780896584
160.70318246106473
160.5012228483284
86.40381565195678
93.51066885853211
68.17317101138539
29.826371343767924
40.76933210706545
154.3668553176891
81.59744441739514
91.24930351330624
202.055886752523
117.04618890060976
75.77667563065854
119.36733568718637
130.25015567547172
117.64272885448187
78.03502932284755
67.57952847756587
134.33160652183773
134.22653778003928
143.42111964117709
56.35037079979807
112.21280118646686
103.86867473778607
79.3873842841619
133.67252754112923
120.71008793573024
85.79450314767121
90.43131094884951
155.1768322667108
80.07470945036877
141.03110212894714
117.42828976168741
109.06159876349467
52.99787148478703
101.80200130940909
119.32876938888604
103.20816763510922
115.1985435703732
94.23987771316426
110.80026159849766
99.40571222219398
96.85513564721745
103.60393243384055
153.8295433990193
98.40249816741023
116.61712888894321
122.51733253986328
146.424339289067
139.68297547266366
139.76293003910192
139.17512494670729
86.61515418558298
139.3967178887536
88.50433117728547
137.8282356095356
138.7153731373064
132.42334285402714
115.42254258650259
138.65776177378268
138.18460194435312
138.70235367495053
138.83668370207798
138.00929493223464
139.63814652015193
87.34430933696648
111.5648865304285
104.8982256925548
139.6237655093646
138.7521024448787
137.91897924494657
146.2353777379967
138.6341223473591
95.30264143901792
113.27829556326402
138.93452616397659
139.61845326871253
139.01500305234876
139.06356449149152
87.70879444521486
138.83259103889011
157.83083103071715
118.02837954985596
108.92999880503915
126.71097785174254
138.88746997034923
91.88231024741202
139.68342419232394
109.71913084441613
139.5784279767748
139.393346632512
140.21800045188343
138.15463654591258
141.3955004105023
136.1815978563042
139.16565546535477
139.09662608243963
138.27065060399275
138.4109494325062
146.23127742988757
121.66478719831157
92.82063575272976
149.96686476748204
139.5394293948526
87.30403271305234
140.47055450342847
138.81577972989112
139.191322330465
139.028033577083
139.49222649494988
100.70186386865987
139.82437334686202
138.8770448208185
139.59803343872247
144.64106914343597
139.25983890644954
140.14246182876792
139.20170484240577
139.8911476942617
139.4418076255381
139.46896894679227
140.31664689567333
97.1440256216102
131.73963155214426
127.06471041221683
86.61433239642199
98.76678005118353
105.57644635840654
139.4228459680022
114.19904995537853
156.6081885248986
107.06929875344777
90.51446256722049
139.16068749793405
120.3370943192436
138.67268808402346
138.37731124631597
102.18575687761759
86.66599576352658
139.0260010844909
139.65106104371714
136.58350622494837
92.87099472136083
88.32558063928296
135.76424853978352
114.93105015289038
138.47346240074432
136.25863719460708
157.81755858250426
139.68441825765404
103.38837286910861
139.08189951685085
139.84853856186166
104.46458906196729
139.35819812475683
139.30151295110505
136.09212116788527
139.03038482714896
140.3773848673661
142.83868695833303
118.63544104232035
124.62592213116666
104.635839096273
87.21354265084386
118.80274149855845
90.3139460489958
128.55787287205226
105.37896397781367
117.82057819942655
102.58273522976044
113.6601006938198
200.10391820199067
119.98701407795906
80.63811644508392
135.92385548319453
60.80082343753837
36.06361687992351
35.99400018792397
55.87061261161307
73.53652525341661
66.64255225979454
122.1007912561188
103.34588423346595
146.46205934426496
146.34711661220337
82.68364608219721
105.88082821965875
91.07875658199833
97.77345472258705
50.22712975100657
253.19694678138376
132.91494658112762
37.3715954598037
97.3950031743129
128.97311021849478
77.70270713515251
66.4126249512418
95.60148581906337
111.77638169843225
108.0237838850852
74.45931062370167
105.6681680457929
71.21867541780469
38.8276789242337
80.44954049187115
89.46219369920594
80.66182831559944
98.82982413578584
114.38261691100541
84.52397813617277
72.77313819616688
85.09319967687007
115.26811804733015
115.26689772550407
70.24142651493035
47.19962669384454
58.356793605324356
50.15204791938352
72.16885320121948
77.09533748497564
111.2684254160519
156.75004338050255
75.9365247204336
82.09392126110986
86.32954548503058
81.45566389232188
119.13863296886406
52.87251869744216
158.03818609270374
60.14759530661224
140.21035273869933
97.00420151405369
161.36673689529283
40.49643503982142
70.26153783532703
97.79206814128618
145.64936314226676
191.14256083974468
55.54151563417353
191.5814218389788
57.57907460962141
50.66376185977573
91.97618514263725
90.26593970414318
146.0238383228443
75.48715628282696
80.48571056940496
137.22598315575843
133.51664775842625
130.00723918783106
135.68468491355966
58.22009333853204
111.60942128884447
93.44619401467025
107.19166015444824
107.17827270288846
94.68962721323659
104.34166511048515
62.46681899689104
61.598155806887775
100.39146880794385
103.92823097383346
138.98075523974146
191.1413868309874
182.37967973871037
49.71492393660681
62.22715613662794
112.89396460107312
116.61224269689103
68.7204033985284
73.38737325513883
58.35864402320974
78.08236988175463
99.90589293014705
98.09242398385977
94.9002555148294
82.88698387910945
78.39743116285184
94.56773861726394
78.68658354494775
87.34160533753015
105.85676500033166
138.3879303672864
71.66678986922673
80.84542113552465
132.32970542208665
84.94625548735125
60.37594340695708
65.96829191014879
132.24871465082782
131.47450179220237
92.65304566693172
99.87329066610951
88.26899430920963
190.63527447988804
61.24096966932742
67.49119693573505
91.32189685968267
157.48238024357545
171.67299811618952
62.25865168135614
76.87444162280185
53.58104006884225
87.02726793622953
142.67611039105645
95.00103507142447
109.7788370685347
162.9703149081064
93.57499355867787
131.83477623181903
72.21466855549441
68.86947282858085
70.57760950555183
111.8381599343934
107.95833926829614
66.99503133883347
126.84181098412208
78.49404571895093
85.08446356892767
86.36340229680977
196.03573422029368
98.00033756807488
98.00233389733214
75.582705426039
77.05686169094602
143.7421941768258
145.53585425561585
141.99727221034033
58.305511597141006
153.44903843743361
144.01847286476217
138.9329756951079
200.033812359375
187.8907216447516
194.9165647062234
142.66943702673706
126.57680365851365
72.71384705162058
69.99858081904257
77.03368257908876
169.43646097412397
57.31386474017186
168.1451258077569
168.27285158638836
168.15366732989264
168.32423626519804
168.1198546820222
149.73537095765667
168.33022575687224
60.27663967497617
168.23919928439395
196.60774456109326
168.27440560323788
196.45405405085214
73.39920581823901
87.29002535826699
168.1961819272576
168.6561987413882
104.71244407362485
168.09038734811165
168.4378949096188
104.7642195211938
91.32645868611333
104.61619983145613
96.73796816056435
168.49457523461302
104.68644287669831
39.006375702750105
106.76585865313068
168.31259466776396
92.67916592154957
168.32423626519804
168.59943107607265
168.3305301633528
163.78121108432714
197.26856325075758
162.70438579193615
168.39513125521674
163.96335225901692
162.72632814729624
168.53033164445995
197.30261759625517
168.24557957287385
196.36932296429976
168.3920059865499
196.48605808058824
168.487948424509
168.36611865483522
233.68766475911684
197.29317318492966
81.9702310241894
168.1001457472534
168.22650271456246
168.20065694104494
72.9725213194476
80.30657193491508
168.18900491420982
146.97894001007793
109.21639972309178
168.24722737823245
168.23839142126118
170.00241214298097
168.29318322699575
109.83550471091888
168.43232970805235
168.4378949096188
168.48149273169668
126.63507306262316
155.09139338901863
168.2038116622436
168.0547425573949
110.128331274065
168.34097555289182
95.75913335648357
168.29431505287866
168.11246197408317
196.37235582127627
168.54555703376604
106.91100294455383
168.26805157253818
168.1198546820222
196.44764334965322
168.4403525238192
47.42040748492683
86.00637744754592
86.31322092234493
45.73623704847558
168.0686913425207
232.65096188184236
168.3920059865499
196.48605808058824
146.97894001007793
109.21639972309178
196.33423313687751
169.2261541179099
169.10343860367638
169.0437194620828
163.82608457364321
