1000 0.000177 8705.500000 8720 8668
1010 0.000163 8800.800000 8821 8763
1020 0.000162 8906.000000 8926 8880
1030 0.000161 9015.200000 9046 8975
1040 0.000164 9104.200000 9119 9092
1050 0.000165 9218.600000 9244 9178
1060 0.000168 9317.400000 9329 9294
1070 0.000181 9433.100000 9474 9415
1080 0.000189 9540.000000 9566 9508
1090 0.000181 9632.000000 9668 9582
1100 0.000183 9738.200000 9757 9728
1110 0.000184 9843.800000 9867 9806
1120 0.000184 9940.900000 9981 9907
1130 0.000192 10058.200000 10086 10033
1140 0.000189 10149.900000 10171 10127
1150 0.000188 10251.400000 10277 10222
1160 0.000191 10360.600000 10380 10341
1170 0.000195 10463.700000 10486 10434
1180 0.000197 10568.300000 10603 10547
1190 0.000196 10681.500000 10705 10644
1200 0.000203 10781.900000 10806 10763
1210 0.000199 10894.900000 10914 10868
1220 0.000205 10993.900000 11009 10974
1230 0.000213 11108.900000 11155 11067
1240 0.000200 11208.800000 11237 11167
1250 0.000208 11315.500000 11336 11298
1260 0.000206 11417.500000 11441 11399
1270 0.000205 11524.000000 11560 11497
1280 0.000226 11621.000000 11667 11559
1290 0.000225 11739.200000 11774 11714
1300 0.000219 11829.600000 11863 11805
1310 0.000220 11950.000000 11977 11905
1320 0.000254 12041.600000 12090 11996
1330 0.000220 12160.900000 12216 12114
1340 0.000229 12273.300000 12326 12233
1350 0.000230 12366.500000 12412 12336
1360 0.000229 12472.200000 12510 12457
1370 0.000246 12571.900000 12600 12540
1380 0.000251 12680.800000 12721 12638
1390 0.000249 12799.300000 12838 12774
1400 0.000228 12901.400000 12930 12862
1410 0.000232 12991.600000 13025 12951
1420 0.000234 13106.000000 13160 13086
1430 0.000233 13211.200000 13248 13186
1440 0.000236 13331.400000 13363 13297
1450 0.000238 13426.200000 13461 13377
1460 0.000239 13538.500000 13561 13510
1470 0.000244 13644.100000 13690 13604
1480 0.000243 13753.900000 13783 13727
1490 0.000243 13857.100000 13896 13832
1500 0.000246 13967.600000 14002 13924
1510 0.000246 14061.800000 14088 14031
1520 0.000249 14176.800000 14219 14151
1530 0.000247 14274.800000 14304 14238
1540 0.000251 14383.500000 14410 14345
1550 0.000253 14506.100000 14565 14473
1560 0.000256 14624.700000 14663 14574
1570 0.000259 14717.100000 14763 14643
1580 0.000261 14817.300000 14868 14776
1590 0.000262 14925.300000 14957 14865
1600 0.000262 15038.900000 15063 14995
1610 0.000266 15136.800000 15164 15108
1620 0.000271 15255.600000 15284 15213
1630 0.000271 15358.100000 15379 15304
1640 0.000272 15464.800000 15498 15437
1650 0.000274 15584.400000 15641 15545
1660 0.000274 15685.400000 15726 15663
1670 0.000284 15804.500000 15857 15771
1680 0.000280 15907.100000 15931 15871
1690 0.000281 16011.900000 16032 15971
1700 0.000282 16123.100000 16194 16078
1710 0.000285 16248.800000 16300 16176
1720 0.000287 16340.100000 16402 16295
1730 0.000280 16448.500000 16482 16413
1740 0.000284 16566.300000 16610 16503
1750 0.000291 16675.400000 16703 16644
1760 0.000287 16782.700000 16823 16741
1770 0.000287 16893.400000 16925 16862
1780 0.000289 17004.300000 17033 16964
1790 0.000292 17106.600000 17142 17072
1800 0.000293 17206.000000 17248 17159
1810 0.000299 17316.400000 17360 17275
1820 0.000299 17431.800000 17474 17376
1830 0.000300 17546.200000 17576 17517
1840 0.000298 17648.700000 17717 17616
1850 0.000301 17782.400000 17808 17734
1860 0.000307 17871.500000 17908 17842
1870 0.000308 17986.100000 18031 17924
1880 0.000309 18106.200000 18132 18072
1890 0.000312 18220.700000 18252 18189
1900 0.000311 18315.000000 18370 18235
1910 0.000315 18419.500000 18447 18381
1920 0.000315 18539.000000 18570 18510
1930 0.000322 18629.000000 18690 18594
1940 0.000320 18752.600000 18825 18713
1950 0.000328 18868.500000 18892 18837
1960 0.000324 18968.200000 18995 18941
1970 0.000324 19076.200000 19113 19030
1980 0.000331 19187.100000 19212 19136
1990 0.000335 19297.200000 19350 19252
2000 0.000329 19415.300000 19474 19377
2010 0.000334 19536.200000 19603 19496
2020 0.000335 19617.300000 19650 19582
2030 0.000333 19754.400000 19806 19687
2040 0.000337 19850.500000 19902 19819
2050 0.000345 19971.900000 20030 19909
2060 0.000339 20086.700000 20115 20050
2070 0.000343 20191.300000 20245 20136
2080 0.000341 20301.100000 20347 20255
2090 0.000348 20420.400000 20472 20368
2100 0.000351 20526.500000 20558 20469
2110 0.000353 20655.600000 20701 20613
2120 0.000365 20758.800000 20803 20712
2130 0.000368 20882.900000 20924 20833
2140 0.000407 20994.900000 21037 20966
2150 0.000371 21116.700000 21150 21054
2160 0.000438 21223.900000 21260 21167
2170 0.000367 21323.400000 21359 21293
2180 0.000380 21440.100000 21469 21395
2190 0.000398 21564.300000 21617 21510
2200 0.000409 21679.500000 21711 21645
2210 0.000372 21794.000000 21831 21744
2220 0.000394 21906.000000 21954 21884
2230 0.000404 22023.900000 22116 21977
2240 0.000407 22128.300000 22181 22075
2250 0.000398 22237.400000 22260 22206
2260 0.000417 22358.600000 22414 22303
2270 0.000466 22476.700000 22521 22432
2280 0.000421 22588.300000 22612 22537
2290 0.000425 22700.900000 22740 22661
2300 0.000436 22818.700000 22888 22783
2310 0.000396 22932.300000 22966 22905
2320 0.000409 23028.300000 23069 22990
2330 0.000545 23153.200000 23181 23102
2340 0.000509 23290.800000 23337 23255
2350 0.000411 23396.600000 23424 23373
2360 0.000409 23510.900000 23537 23457
2370 0.000403 23622.800000 23651 23593
2380 0.000402 23731.400000 23766 23699
2390 0.000406 23834.600000 23898 23772
2400 0.000409 23967.500000 24001 23933
2410 0.000408 24075.000000 24115 24024
2420 0.000410 24199.300000 24238 24147
2430 0.000429 24308.700000 24358 24278
2440 0.000416 24436.200000 24519 24387
2450 0.000414 24524.800000 24623 24456
2460 0.000420 24657.800000 24689 24631
2470 0.000418 24775.000000 24808 24743
2480 0.000457 24879.900000 24913 24852
2490 0.000451 25000.800000 25043 24935
2500 0.000461 25114.200000 25151 25062
2510 0.000464 25232.800000 25282 25177
2520 0.000449 25357.000000 25431 25302
2530 0.000467 25461.500000 25527 25415
2540 0.000481 25576.000000 25643 25505
2550 0.000454 25683.700000 25717 25631
2560 0.000454 25805.200000 25841 25775
2570 0.000443 25924.300000 25986 25887
2580 0.000456 26034.000000 26076 25994
2590 0.000453 26146.700000 26199 26096
2600 0.000461 26269.200000 26312 26209
2610 0.000478 26389.500000 26409 26366
2620 0.000450 26513.000000 26555 26479
2630 0.000448 26601.500000 26661 26555
2640 0.000465 26724.500000 26791 26665
2650 0.000463 26839.700000 26878 26759
2660 0.000469 26971.700000 27011 26904
2670 0.000467 27083.000000 27116 27048
2680 0.000489 27180.000000 27257 27134
2690 0.000519 27295.500000 27349 27270
2700 0.000466 27425.200000 27505 27333
2710 0.000463 27550.600000 27630 27523
2720 0.000468 27649.600000 27674 27609
2730 0.000472 27795.800000 27829 27750
2740 0.000469 27881.900000 27918 27849
2750 0.000474 28007.600000 28054 27966
2760 0.000471 28133.700000 28178 28092
2770 0.000475 28244.400000 28289 28192
2780 0.000481 28350.800000 28383 28310
2790 0.000480 28470.900000 28514 28412
2800 0.000482 28593.500000 28656 28549
2810 0.000487 28702.900000 28772 28641
2820 0.000485 28814.600000 28855 28789
2830 0.000486 28940.500000 28971 28905
2840 0.000500 29047.200000 29098 29009
2850 0.000499 29183.400000 29227 29142
2860 0.000496 29292.000000 29343 29218
2870 0.000496 29396.000000 29433 29362
2880 0.000501 29505.300000 29529 29463
2890 0.000498 29644.900000 29716 29602
2900 0.000497 29764.400000 29810 29739
2910 0.000500 29861.800000 29910 29821
2920 0.000502 29983.700000 30027 29934
2930 0.000504 30108.500000 30164 30066
2940 0.000506 30224.900000 30262 30197
2950 0.000508 30331.600000 30389 30284
2960 0.000510 30459.700000 30490 30423
2970 0.000510 30555.100000 30600 30510
2980 0.000512 30683.600000 30732 30653
2990 0.000515 30820.900000 30861 30760
3000 0.000513 30929.300000 30959 30892
3010 0.000517 31033.500000 31101 31003
3020 0.000523 31176.700000 31224 31124
3030 0.000519 31277.900000 31340 31231
3040 0.000519 31380.100000 31445 31341
3050 0.000521 31511.000000 31540 31456
3060 0.000521 31620.500000 31692 31567
3070 0.000549 31747.200000 31797 31705
3080 0.000541 31862.500000 31925 31763
3090 0.000543 31977.100000 32042 31902
3100 0.000549 32095.700000 32152 32048
3110 0.000546 32195.800000 32224 32152
3120 0.000549 32331.100000 32387 32267
3130 0.000550 32447.700000 32487 32399
3140 0.000551 32575.900000 32614 32534
3150 0.000555 32684.800000 32752 32648
3160 0.000563 32788.700000 32846 32753
3170 0.000566 32915.700000 32983 32840
3180 0.000591 33031.900000 33065 32961
3190 0.000609 33184.700000 33252 33141
3200 0.000593 33267.600000 33326 33220
3210 0.000575 33390.300000 33457 33309
3220 0.000578 33519.100000 33583 33467
3230 0.000647 33628.200000 33658 33565
3240 0.000644 33760.200000 33786 33723
3250 0.000749 33871.400000 33920 33823
3260 0.000586 34002.600000 34044 33898
3270 0.000592 34113.300000 34156 34068
3280 0.000582 34226.600000 34300 34163
3290 0.000582 34365.200000 34424 34265
3300 0.000586 34467.200000 34506 34403
3310 0.000588 34583.100000 34631 34526
3320 0.000589 34711.000000 34768 34664
3330 0.000590 34811.300000 34874 34777
3340 0.000591 34934.700000 34994 34885
3350 0.000594 35064.200000 35099 35005
3360 0.000603 35172.900000 35247 35097
3370 0.000599 35286.300000 35339 35201
3380 0.000601 35410.500000 35444 35371
3390 0.000604 35537.400000 35580 35487
3400 0.000602 35665.300000 35735 35592
3410 0.000606 35764.300000 35814 35719
3420 0.000608 35894.000000 35962 35837
3430 0.000608 35996.600000 36032 35949
3440 0.000620 36126.300000 36172 36072
3450 0.000615 36252.200000 36333 36140
3460 0.000620 36352.700000 36421 36311
3470 0.000621 36468.700000 36539 36419
3480 0.000621 36595.900000 36635 36536
3490 0.000619 36717.000000 36743 36671
3500 0.000621 36842.300000 36860 36815
3510 0.000628 36957.800000 37000 36913
3520 0.000634 37081.500000 37127 37043
3530 0.000632 37201.800000 37305 37160
3540 0.000638 37312.600000 37386 37260
3550 0.000632 37439.900000 37478 37399
3560 0.000631 37554.900000 37620 37483
3570 0.000633 37678.700000 37698 37623
3580 0.000632 37791.000000 37853 37705
3590 0.000632 37933.700000 37970 37895
3600 0.000637 38026.800000 38071 37974
3610 0.000641 38148.700000 38186 38074
3620 0.000646 38276.300000 38353 38199
3630 0.000644 38398.100000 38459 38341
3640 0.000657 38513.400000 38579 38449
3650 0.000648 38620.600000 38645 38581
3660 0.000651 38750.100000 38786 38709
3670 0.000657 38862.000000 38920 38783
3680 0.000660 38987.200000 39075 38889
3690 0.000656 39123.200000 39169 39053
3700 0.000669 39234.800000 39293 39174
3710 0.000661 39361.400000 39446 39317
3720 0.000666 39470.600000 39521 39435
3730 0.000680 39593.500000 39633 39549
3740 0.000669 39709.700000 39750 39674
3750 0.000667 39826.200000 39892 39787
3760 0.000669 39943.000000 39982 39877
3770 0.000710 40055.800000 40120 39980
3780 0.000703 40154.500000 40191 40068
3790 0.000689 40315.500000 40375 40266
3800 0.000687 40441.900000 40525 40376
3810 0.000734 40540.500000 40592 40490
3820 0.000693 40668.600000 40721 40603
3830 0.000685 40805.100000 40843 40742
3840 0.000684 40899.500000 40916 40871
3850 0.000691 41006.200000 41040 40971
3860 0.000691 41140.600000 41205 41110
3870 0.000694 41266.800000 41308 41215
3880 0.000700 41382.800000 41448 41342
3890 0.000704 41498.800000 41549 41439
3900 0.000705 41620.200000 41697 41541
3910 0.000707 41723.600000 41763 41656
3920 0.000712 41839.100000 41879 41817
3930 0.000717 41989.000000 42074 41919
3940 0.000947 42097.700000 42135 42051
3950 0.000716 42225.600000 42260 42155
3960 0.000722 42339.400000 42378 42304
3970 0.000729 42471.800000 42525 42406
3980 0.000748 42592.200000 42652 42514
3990 0.000718 42692.600000 42730 42645
4000 0.000719 42810.600000 42886 42729
4010 0.000731 42936.600000 42981 42893
4020 0.000724 43052.800000 43122 42997
4030 0.000740 43183.900000 43240 43141
4040 0.000728 43299.400000 43327 43248
4050 0.000728 43432.300000 43464 43404
4060 0.000732 43558.500000 43625 43477
4070 0.000755 43675.900000 43728 43631
4080 0.000763 43796.000000 43862 43745
4090 0.000795 43904.800000 43957 43832
4100 0.000803 44038.000000 44074 43992
4110 0.000795 44155.400000 44235 44097
4120 0.000824 44267.700000 44326 44216
4130 0.000822 44390.000000 44437 44338
4140 0.000803 44533.500000 44621 44471
4150 0.000795 44645.800000 44712 44602
4160 0.000828 44775.900000 44829 44737
4170 0.000888 44883.500000 44933 44823
4180 0.000766 45010.600000 45082 44965
4190 0.000757 45126.400000 45160 45094
4200 0.000760 45244.600000 45319 45178
4210 0.000759 45415.600000 45453 45378
4220 0.000764 45505.300000 45556 45432
4230 0.000762 45634.200000 45713 45579
4240 0.000768 45771.600000 45808 45717
4250 0.000775 45879.200000 45926 45847
4260 0.000800 45993.000000 46022 45930
4270 0.000773 46134.100000 46174 46107
4280 0.000793 46260.400000 46312 46205
4290 0.000819 46394.500000 46428 46320
4300 0.000895 46505.000000 46542 46452
4310 0.000870 46624.800000 46677 46579
4320 0.000852 46724.200000 46809 46675
4330 0.000887 46875.400000 46920 46808
4340 0.000869 46992.500000 47052 46911
4350 0.000865 47126.500000 47176 47075
4360 0.000947 47255.300000 47320 47184
4370 0.000876 47396.000000 47463 47303
4380 0.000826 47507.000000 47558 47453
4390 0.000851 47639.900000 47696 47568
4400 0.000868 47765.400000 47827 47676
4410 0.000840 47881.400000 47912 47815
4420 0.000865 48014.100000 48057 47951
4430 0.000807 48112.600000 48153 48043
4440 0.000818 48253.000000 48312 48199
4450 0.000816 48359.200000 48438 48325
4460 0.000816 48475.800000 48520 48398
4470 0.000816 48626.700000 48694 48568
4480 0.000820 48741.700000 48798 48686
4490 0.000843 48878.800000 48970 48805
4500 0.000820 48992.400000 49036 48946
4510 0.000837 49110.800000 49148 49062
4520 0.000822 49218.800000 49272 49140
4530 0.000823 49371.100000 49428 49303
4540 0.000824 49485.900000 49551 49439
4550 0.000825 49611.600000 49651 49557
4560 0.000829 49729.800000 49783 49671
4570 0.000830 49877.200000 49932 49794
4580 0.000982 49974.100000 50053 49905
4590 0.001032 50104.600000 50152 50040
4600 0.001113 50200.800000 50250 50167
4610 0.001075 50363.100000 50439 50307
4620 0.000839 50475.200000 50544 50429
4630 0.000841 50592.700000 50666 50541
4640 0.000839 50745.500000 50829 50704
4650 0.000981 50857.200000 50923 50756
4660 0.000862 50971.200000 50999 50911
4670 0.000846 51100.200000 51177 51033
4680 0.000848 51242.100000 51280 51204
4690 0.000853 51353.400000 51451 51266
4700 0.000855 51481.400000 51567 51377
4710 0.000856 51634.400000 51691 51586
4720 0.000858 51724.300000 51774 51674
4730 0.000859 51855.400000 51899 51803
4740 0.000868 51970.100000 52011 51912
4750 0.000865 52110.400000 52160 52058
4760 0.000865 52215.600000 52260 52157
4770 0.000871 52359.200000 52431 52304
4780 0.000870 52476.400000 52500 52434
4790 0.000887 52603.700000 52665 52574
4800 0.000884 52719.500000 52785 52643
4810 0.000883 52876.200000 52961 52822
4820 0.000882 52973.800000 53039 52914
4830 0.000954 53104.300000 53150 53032
4840 0.000940 53233.900000 53312 53174
4850 0.000896 53371.500000 53449 53281
4860 0.000893 53485.600000 53524 53452
4870 0.000898 53596.600000 53624 53487
4880 0.000901 53692.600000 53732 53617
4890 0.000905 53866.000000 53931 53795
4900 0.000906 53977.300000 54035 53941
4910 0.001180 54088.700000 54130 54055
4920 0.001108 54198.000000 54274 54097
4930 0.000905 54363.000000 54437 54268
4940 0.000992 54488.100000 54534 54442
4950 0.000967 54592.100000 54633 54554
4960 0.000955 54734.300000 54815 54611
4970 0.000933 54834.800000 54913 54786
4980 0.000942 54959.600000 55062 54887
4990 0.000970 55088.000000 55177 54964
5000 0.001186 55227.500000 55283 55139
5010 0.000983 55374.100000 55441 55319
5020 0.000964 55480.000000 55568 55393
5030 0.001023 55593.100000 55641 55540
5040 0.000997 55711.300000 55791 55623
5050 0.000994 55845.600000 55890 55798
5060 0.000987 55988.400000 56064 55922
5070 0.001007 56110.400000 56181 56046
5080 0.000953 56224.500000 56315 56155
5090 0.000957 56353.700000 56416 56266
5100 0.000966 56465.900000 56548 56373
5110 0.000954 56569.000000 56619 56508
5120 0.000931 56705.100000 56739 56672
5130 0.000935 56830.500000 56879 56775
5140 0.000950 56968.200000 57062 56877
5150 0.000950 57085.700000 57174 57035
5160 0.000944 57224.600000 57268 57135
5170 0.001019 57352.800000 57409 57303
5180 0.001062 57502.000000 57557 57445
5190 0.001038 57604.400000 57755 57520
5200 0.001036 57744.300000 57834 57635
5210 0.001061 57860.000000 57942 57792
5220 0.001036 57953.000000 58014 57894
5230 0.001058 58098.400000 58146 58012
5240 0.000972 58227.000000 58296 58148
5250 0.000971 58345.500000 58423 58291
5260 0.000975 58481.200000 58594 58425
5270 0.000977 58621.200000 58694 58559
5280 0.000977 58738.200000 58776 58688
5290 0.000982 58887.600000 58957 58813
5300 0.000981 58999.000000 59051 58932
5310 0.000984 59111.500000 59182 59066
5320 0.000984 59236.800000 59273 59199
5330 0.000983 59365.600000 59429 59313
5340 0.000999 59500.600000 59561 59422
5350 0.000994 59639.200000 59730 59528
5360 0.000995 59760.100000 59822 59681
5370 0.000998 59861.800000 59928 59818
5380 0.001015 60012.300000 60109 59956
5390 0.001008 60143.600000 60204 60105
5400 0.001003 60246.600000 60287 60213
5410 0.001028 60384.100000 60428 60333
5420 0.001007 60499.300000 60595 60461
5430 0.001014 60629.800000 60710 60566
5440 0.001052 60730.200000 60752 60705
5450 0.001077 60897.000000 60977 60747
5460 0.001016 61001.900000 61062 60925
5470 0.001016 61142.900000 61188 61082
5480 0.001080 61240.900000 61316 61177
5490 0.001081 61402.500000 61441 61361
5500 0.001066 61483.000000 61554 61412
5510 0.001035 61610.700000 61721 61530
5520 0.001034 61763.800000 61811 61713
5530 0.001080 61891.000000 62006 61774
5540 0.001146 62004.700000 62055 61924
5550 0.001033 62151.400000 62229 62111
5560 0.001047 62291.800000 62366 62222
5570 0.001036 62404.900000 62450 62381
5580 0.001172 62509.300000 62648 62468
5590 0.001040 62641.500000 62708 62570
5600 0.001052 62811.100000 62866 62694
5610 0.001042 62906.600000 62972 62811
5620 0.001038 63005.500000 63057 62965
5630 0.001145 63144.200000 63250 63077
5640 0.001084 63289.800000 63330 63225
5650 0.001114 63410.100000 63515 63287
5660 0.001100 63533.600000 63602 63410
5670 0.001123 63681.900000 63714 63619
5680 0.001090 63787.900000 63829 63694
5690 0.001101 63903.600000 63946 63828
5700 0.001103 64052.800000 64167 63992
5710 0.001074 64180.800000 64247 64107
5720 0.001051 64314.200000 64388 64230
5730 0.001054 64448.800000 64521 64394
5740 0.001073 64543.800000 64602 64459
5750 0.001065 64686.100000 64774 64605
5760 0.001062 64796.100000 64872 64731
5770 0.001064 64922.800000 64997 64837
5780 0.001080 65049.300000 65110 64954
5790 0.001088 65175.000000 65207 65142
5800 0.001129 65280.100000 65330 65235
5810 0.001104 65431.500000 65484 65346
5820 0.001106 65574.900000 65682 65513
5830 0.001094 65707.800000 65755 65651
5840 0.001156 65829.000000 65913 65767
5850 0.001093 65955.700000 66002 65907
5860 0.001156 66055.500000 66146 65985
5870 0.001244 66199.600000 66288 66123
5880 0.001118 66296.400000 66358 66260
5890 0.001250 66433.800000 66508 66390
5900 0.001192 66590.300000 66681 66530
5910 0.001321 66717.500000 66801 66653
5920 0.001109 66817.100000 66871 66714
5930 0.001113 66941.800000 67003 66870
5940 0.001157 67069.700000 67191 67010
5950 0.001180 67207.200000 67264 67148
5960 0.001164 67317.100000 67368 67263
5970 0.001103 67452.800000 67517 67350
5980 0.001187 67571.600000 67712 67524
5990 0.001109 67721.600000 67750 67652
6000 0.001103 67832.300000 67889 67765
6010 0.001130 67962.900000 68043 67909
6020 0.001118 68098.200000 68152 68034
6030 0.001105 68223.300000 68282 68147
6040 0.001108 68343.900000 68428 68275
6050 0.001339 68476.100000 68545 68368
6060 0.001117 68591.800000 68640 68472
6070 0.001151 68726.300000 68788 68673
6080 0.001139 68847.100000 68938 68768
6090 0.001126 68978.100000 69032 68896
6100 0.001279 69098.800000 69168 69010
6110 0.001324 69223.400000 69276 69168
6120 0.001431 69363.400000 69436 69302
6130 0.001272 69493.500000 69564 69390
6140 0.001192 69602.800000 69674 69543
6150 0.001129 69740.000000 69803 69646
6160 0.001128 69882.100000 69937 69814
6170 0.001271 69983.800000 70066 69888
6180 0.001254 70133.200000 70193 70041
6190 0.001388 70233.200000 70287 70177
6200 0.001151 70393.600000 70481 70337
6210 0.001147 70501.400000 70578 70404
6220 0.001144 70637.200000 70728 70591
6230 0.001217 70752.900000 70805 70658
6240 0.001224 70870.400000 70920 70806
6250 0.001257 71022.500000 71114 70967
6260 0.001199 71164.700000 71231 71116
6270 0.001172 71262.400000 71335 71195
6280 0.001158 71408.300000 71453 71365
6290 0.001160 71539.400000 71606 71459
6300 0.001368 71676.700000 71724 71600
6310 0.001341 71810.900000 71869 71750
6320 0.001300 71916.700000 71972 71894
6330 0.001207 72048.400000 72105 71923
6340 0.001168 72154.800000 72215 72090
6350 0.001198 72299.400000 72347 72191
6360 0.001176 72433.300000 72518 72351
6370 0.001179 72558.900000 72629 72482
6380 0.001195 72696.000000 72738 72647
6390 0.001202 72825.200000 72887 72715
6400 0.001185 72966.800000 73044 72869
6410 0.001201 73085.900000 73147 73026
6420 0.001196 73209.900000 73302 73119
6430 0.001208 73354.100000 73446 73299
6440 0.001202 73457.100000 73563 73360
6450 0.001199 73582.900000 73644 73519
6460 0.001271 73732.700000 73806 73616
6470 0.001201 73834.500000 73908 73687
6480 0.001207 73961.300000 74058 73909
6490 0.001212 74126.300000 74227 74053
6500 0.001205 74207.500000 74311 74155
6510 0.001206 74381.100000 74440 74265
6520 0.001257 74511.100000 74606 74450
6530 0.001333 74604.400000 74729 74532
6540 0.001407 74772.600000 74864 74704
6550 0.001331 74873.400000 74947 74807
6560 0.001276 74998.000000 75078 74916
6570 0.001213 75142.100000 75259 75092
6580 0.001233 75266.300000 75295 75224
6590 0.001225 75407.400000 75509 75273
6600 0.001255 75532.900000 75589 75421
6610 0.001321 75638.200000 75693 75520
6620 0.001326 75799.200000 75865 75731
6630 0.001334 75934.200000 76002 75893
6640 0.001307 76032.700000 76084 75965
6650 0.001377 76168.200000 76242 76126
6660 0.001427 76293.900000 76348 76227
6670 0.001456 76422.100000 76531 76309
6680 0.001397 76563.500000 76643 76502
6690 0.001371 76699.700000 76762 76660
6700 0.001267 76813.500000 76877 76718
6710 0.001290 76950.500000 77004 76891
6720 0.001285 77093.200000 77184 76954
6730 0.001323 77191.400000 77251 77140
6740 0.001473 77322.200000 77373 77278
6750 0.001406 77442.100000 77501 77391
6760 0.001614 77583.200000 77646 77528
6770 0.001366 77697.100000 77780 77609
6780 0.001376 77828.600000 77911 77762
6790 0.001287 77949.400000 78032 77836
6800 0.001282 78102.500000 78195 78003
6810 0.001283 78236.000000 78297 78141
6820 0.001288 78361.400000 78438 78303
6830 0.001300 78482.900000 78549 78400
6840 0.001323 78600.800000 78695 78521
6850 0.001292 78754.000000 78842 78687
6860 0.001304 78865.100000 78944 78810
6870 0.001297 78983.900000 79091 78912
6880 0.001320 79139.400000 79174 79082
6890 0.001302 79255.600000 79319 79193
6900 0.001303 79388.000000 79443 79301
6910 0.001341 79534.600000 79645 79469
6920 0.001493 79631.300000 79713 79567
6930 0.001532 79772.300000 79848 79713
6940 0.001314 79906.700000 80047 79825
6950 0.001311 80012.200000 80115 79939
6960 0.001312 80171.100000 80252 80117
6970 0.001329 80308.000000 80363 80220
6980 0.001325 80440.900000 80523 80361
6990 0.001391 80544.400000 80593 80488
7000 0.001452 80683.900000 80732 80613
7010 0.001394 80834.100000 80925 80788
7020 0.001342 80938.400000 81037 80857
7030 0.001328 81100.500000 81168 81012
7040 0.001444 81204.300000 81257 81138
7050 0.001466 81332.300000 81369 81298
7060 0.001507 81461.600000 81549 81379
7070 0.001428 81566.500000 81606 81483
7080 0.001461 81738.100000 81863 81657
7090 0.001487 81851.100000 81952 81758
7100 0.001489 81949.200000 81980 81913
7110 0.001507 82110.200000 82194 82018
7120 0.001338 82211.900000 82296 82120
7130 0.001365 82341.500000 82438 82272
7140 0.001412 82483.400000 82561 82401
7150 0.001447 82581.200000 82632 82516
7160 0.001453 82758.300000 82811 82668
7170 0.001429 82866.500000 82922 82817
7180 0.001411 83009.300000 83070 82967
7190 0.001491 83122.400000 83171 83073
7200 0.001383 83271.300000 83317 83226
7210 0.001361 83374.600000 83485 83236
7220 0.001359 83513.300000 83585 83422
7230 0.001362 83627.100000 83744 83485
7240 0.001361 83788.000000 83846 83761
7250 0.001386 83930.200000 84004 83861
7260 0.001373 84033.500000 84099 83982
7270 0.001383 84176.000000 84224 84126
7280 0.001423 84305.000000 84375 84264
7290 0.001474 84421.500000 84479 84370
7300 0.001555 84533.800000 84583 84495
7310 0.001387 84686.400000 84781 84598
7320 0.001386 84822.000000 84846 84799
7330 0.001588 84926.400000 85032 84825
7340 0.001507 85097.500000 85168 85034
7350 0.001399 85197.700000 85269 85113
7360 0.001397 85329.500000 85412 85267
7370 0.001427 85470.100000 85546 85415
7380 0.001449 85589.900000 85628 85471
7390 0.001717 85734.100000 85794 85668
7400 0.001602 85856.200000 85937 85756
7410 0.001547 85949.700000 86007 85864
7420 0.001484 86117.600000 86172 86089
7430 0.001599 86248.100000 86346 86129
7440 0.001475 86396.800000 86473 86339
7450 0.001564 86480.100000 86536 86446
7460 0.001578 86624.400000 86678 86524
7470 0.001530 86766.200000 86846 86623
7480 0.001442 86883.000000 86963 86786
7490 0.001557 87043.800000 87084 86989
7500 0.001465 87173.100000 87244 87103
7510 0.001443 87284.100000 87329 87243
7520 0.001549 87420.600000 87521 87369
7530 0.001468 87555.400000 87642 87515
7540 0.001472 87670.400000 87758 87624
7550 0.001517 87790.300000 87834 87767
7560 0.001592 87921.300000 88000 87843
7570 0.001451 88037.500000 88088 87972
7580 0.001464 88201.200000 88273 88163
7590 0.001510 88332.600000 88375 88279
7600 0.001490 88449.100000 88485 88414
7610 0.001497 88579.700000 88669 88510
7620 0.001586 88704.800000 88815 88540
7630 0.001848 88799.900000 88873 88732
7640 0.001611 88980.400000 89070 88895
7650 0.001545 89089.200000 89212 89003
7660 0.001569 89227.400000 89313 89110
7670 0.001538 89360.900000 89414 89311
7680 0.001475 89470.200000 89554 89430
7690 0.001591 89631.400000 89700 89585
7700 0.001492 89718.100000 89776 89627
7710 0.001538 89882.100000 89981 89784
7720 0.001473 89998.100000 90056 89918
7730 0.001635 90139.200000 90206 90060
7740 0.001679 90249.700000 90375 90165
7750 0.001489 90405.500000 90513 90300
7760 0.001519 90523.700000 90599 90419
7770 0.001547 90645.400000 90685 90612
7780 0.001518 90777.700000 90891 90704
7790 0.001583 90888.000000 91014 90785
7800 0.001631 91028.400000 91087 90956
7810 0.001639 91172.200000 91218 91113
7820 0.001664 91292.700000 91371 91218
7830 0.001538 91420.700000 91511 91346
7840 0.001706 91560.800000 91677 91502
7850 0.001594 91704.600000 91764 91665
7860 0.001545 91814.000000 91869 91713
7870 0.001643 91954.900000 91997 91895
7880 0.001615 92053.100000 92111 91993
7890 0.001721 92194.700000 92306 92087
7900 0.001561 92341.100000 92414 92266
7910 0.001531 92483.300000 92545 92377
7920 0.001536 92605.400000 92734 92484
7930 0.001527 92738.500000 92833 92630
7940 0.001528 92851.100000 92912 92786
7950 0.001714 92969.600000 93003 92931
7960 0.001560 93104.500000 93137 93054
7970 0.001555 93264.700000 93371 93090
7980 0.001540 93388.300000 93430 93329
7990 0.001539 93523.000000 93590 93416
8000 0.001560 93626.400000 93731 93568
8010 0.001563 93749.100000 93840 93676
8020 0.001554 93900.600000 93977 93831
8030 0.001550 94024.900000 94112 93937
8040 0.001613 94183.300000 94228 94139
8050 0.001561 94301.500000 94414 94248
8060 0.001655 94419.700000 94488 94369
8070 0.001696 94560.400000 94602 94496
8080 0.001704 94682.200000 94758 94595
8090 0.001643 94806.700000 94860 94755
8100 0.001560 94928.200000 94966 94908
8110 0.001566 95051.900000 95170 94957
8120 0.001570 95182.000000 95271 95120
8130 0.001589 95336.500000 95408 95274
8140 0.001601 95484.300000 95573 95428
8150 0.001604 95569.900000 95618 95528
8160 0.001593 95724.400000 95807 95639
8170 0.001592 95843.200000 95909 95776
8180 0.001600 96010.500000 96071 95974
8190 0.001603 96111.100000 96184 95996
8200 0.001582 96265.800000 96340 96147
8210 0.001598 96358.600000 96427 96293
8220 0.001624 96501.600000 96550 96458
8230 0.001590 96656.400000 96755 96562
8240 0.001673 96789.200000 96843 96692
8250 0.001589 96952.800000 97016 96879
8260 0.001693 97060.100000 97135 96923
8270 0.001652 97170.200000 97244 97109
8280 0.001692 97310.900000 97355 97278
8290 0.001698 97458.700000 97544 97376
8300 0.001635 97591.400000 97633 97518
8310 0.001602 97728.000000 97807 97596
8320 0.001604 97843.500000 97905 97770
8330 0.001611 97997.900000 98125 97885
8340 0.001654 98123.400000 98190 98073
8350 0.001726 98257.700000 98326 98171
8360 0.001682 98399.400000 98453 98311
8370 0.001703 98540.100000 98616 98458
8380 0.001725 98684.300000 98724 98566
8390 0.001707 98815.800000 98892 98741
8400 0.001716 98904.700000 98961 98801
8410 0.001691 99059.300000 99124 98920
8420 0.001716 99212.100000 99293 99147
8430 0.001728 99352.700000 99416 99277
8440 0.001685 99465.700000 99583 99396
8450 0.001859 99592.800000 99644 99553
8460 0.002098 99773.000000 99822 99699
8470 0.002120 99852.700000 99927 99767
8480 0.001780 100017.100000 100076 99953
8490 0.001620 100121.800000 100225 100044
8500 0.001636 100258.800000 100320 100173
8510 0.001666 100404.000000 100501 100346
8520 0.001668 100564.900000 100697 100467
8530 0.001730 100669.000000 100810 100577
8540 0.001765 100798.800000 100884 100726
8550 0.001736 100930.900000 101044 100844
8560 0.001761 101067.100000 101143 100966
8570 0.001715 101201.900000 101315 101103
8580 0.001689 101329.800000 101389 101288
8590 0.001624 101465.300000 101535 101420
8600 0.001628 101615.400000 101718 101496
8610 0.001633 101757.100000 101853 101661
8620 0.001648 101880.600000 101924 101824
8630 0.001635 102016.400000 102114 101917
8640 0.001640 102165.800000 102265 102124
8650 0.001673 102271.900000 102401 102195
8660 0.001665 102454.600000 102546 102377
8670 0.001643 102567.400000 102665 102519
8680 0.001651 102671.500000 102751 102592
8690 0.001648 102835.400000 102873 102776
8700 0.001660 102954.900000 103019 102836
8710 0.001681 103097.700000 103171 103023
8720 0.001666 103218.300000 103338 103122
8730 0.001717 103356.400000 103446 103217
8740 0.001675 103514.700000 103586 103435
8750 0.001669 103605.400000 103660 103527
8760 0.001662 103752.900000 103914 103663
8770 0.001666 103884.400000 103987 103826
8780 0.001687 104043.700000 104109 103965
8790 0.001757 104156.500000 104247 104056
8800 0.001677 104304.400000 104358 104225
8810 0.001677 104445.400000 104501 104394
8820 0.001692 104574.900000 104678 104525
8830 0.001753 104705.800000 104805 104627
8840 0.001760 104828.600000 104912 104714
8850 0.001695 104957.200000 105020 104906
8860 0.001693 105083.400000 105172 105010
8870 0.001718 105187.600000 105263 105091
8880 0.001725 105373.100000 105453 105325
8890 0.001711 105507.600000 105621 105426
8900 0.001703 105613.200000 105712 105558
8910 0.001712 105752.000000 105821 105654
8920 0.001907 105902.900000 105992 105822
8930 0.001739 106036.400000 106097 105980
8940 0.001840 106155.700000 106197 106117
8950 0.001755 106342.800000 106421 106297
8960 0.001757 106449.500000 106510 106323
8970 0.001974 106557.700000 106628 106481
8980 0.001892 106693.300000 106738 106632
8990 0.001745 106832.100000 106927 106757
9000 0.001741 106988.300000 107052 106882
9010 0.001877 107098.200000 107194 107002
9020 0.002099 107252.400000 107339 107132
9030 0.001822 107376.500000 107464 107293
9040 0.001945 107534.200000 107693 107448
9050 0.001864 107652.600000 107733 107579
9060 0.001801 107781.300000 107826 107718
9070 0.001787 107904.700000 108000 107815
9080 0.001767 108059.800000 108147 107907
9090 0.001788 108180.900000 108264 108122
9100 0.001781 108317.200000 108433 108242
9110 0.001770 108450.000000 108492 108407
9120 0.001771 108588.800000 108664 108480
9130 0.001930 108756.000000 108868 108647
9140 0.001973 108872.800000 109017 108780
9150 0.001776 109006.600000 109120 108912
9160 0.001767 109139.200000 109252 109015
9170 0.001778 109226.700000 109280 109159
9180 0.001799 109404.000000 109486 109294
9190 0.001786 109523.000000 109620 109457
9200 0.001949 109652.100000 109720 109573
9210 0.001745 109833.700000 109964 109722
9220 0.001826 109926.500000 109978 109852
9230 0.001944 110062.000000 110147 109957
9240 0.001762 110198.600000 110253 110135
9250 0.001758 110309.800000 110399 110243
9260 0.001770 110467.900000 110570 110379
9270 0.002142 110597.300000 110692 110554
9280 0.001765 110715.200000 110795 110644
9290 0.001769 110885.100000 110958 110809
9300 0.001807 110999.100000 111079 110950
9310 0.001770 111128.200000 111186 111053
9320 0.001773 111287.700000 111379 111159
9330 0.001933 111383.400000 111446 111336
9340 0.002010 111523.300000 111580 111442
9350 0.001906 111683.700000 111822 111550
9360 0.001932 111786.700000 111889 111710
9370 0.001941 111955.700000 112113 111873
9380 0.001918 112098.900000 112179 112014
9390 0.001998 112222.000000 112281 112165
9400 0.002063 112386.300000 112471 112314
9410 0.002018 112480.400000 112608 112414
9420 0.002108 112636.300000 112697 112563
9430 0.001949 112760.000000 112865 112684
9440 0.001928 112889.100000 113004 112830
9450 0.001986 113035.000000 113119 112914
9460 0.002230 113148.900000 113233 113055
9470 0.002007 113305.500000 113375 113211
9480 0.001901 113457.800000 113539 113384
9490 0.001967 113562.200000 113622 113514
9500 0.001980 113723.100000 113843 113623
9510 0.001934 113815.600000 113863 113703
9520 0.001841 113975.100000 114168 113906
9530 0.001944 114091.200000 114186 113985
9540 0.002064 114215.100000 114284 114137
9550 0.001987 114400.500000 114493 114321
9560 0.002058 114495.700000 114616 114376
9570 0.001990 114645.100000 114763 114500
9580 0.002217 114792.700000 114857 114723
9590 0.001985 114906.900000 115025 114811
9600 0.001921 115058.700000 115209 114936
9610 0.001978 115192.000000 115265 115062
9620 0.001957 115337.100000 115435 115266
9630 0.002080 115476.900000 115578 115400
9640 0.001968 115596.200000 115667 115476
9650 0.002143 115723.600000 115830 115634
9660 0.002027 115842.500000 115918 115791
9670 0.002125 116016.200000 116115 115867
9680 0.002053 116130.000000 116222 116036
9690 0.001937 116269.200000 116342 116186
9700 0.001999 116411.500000 116521 116332
9710 0.002185 116538.500000 116652 116405
9720 0.001929 116692.000000 116778 116635
9730 0.001965 116818.300000 116885 116744
9740 0.001885 116933.600000 117003 116843
9750 0.001916 117072.300000 117134 116943
9760 0.002040 117220.300000 117342 117131
9770 0.001925 117369.900000 117439 117285
9780 0.001961 117470.500000 117541 117392
9790 0.001908 117607.200000 117673 117556
9800 0.001949 117735.000000 117842 117639
9810 0.002067 117871.100000 117970 117799
9820 0.002171 118024.800000 118076 117929
9830 0.002016 118135.100000 118220 117963
9840 0.001938 118281.400000 118379 118176
9850 0.001938 118425.900000 118521 118324
9860 0.001979 118557.700000 118626 118480
9870 0.002096 118703.800000 118791 118629
9880 0.002063 118826.600000 118899 118742
9890 0.002085 118977.000000 119080 118836
9900 0.002010 119101.600000 119237 119031
9910 0.002059 119239.900000 119299 119197
9920 0.001969 119366.100000 119427 119322
9930 0.001994 119503.100000 119578 119420
9940 0.001935 119615.200000 119684 119543
9950 0.001964 119758.400000 119899 119649
9960 0.001926 119915.200000 120028 119830
9970 0.001939 120045.500000 120100 119958
9980 0.001922 120183.300000 120273 120067
9990 0.001932 120317.300000 120421 120213
10000 0.001948 120412.500000 120484 120316
