1000 0.000122 13486.800000 14831 12663
1010 0.000110 13653.000000 14470 12655
1020 0.000111 13888.800000 14461 13338
1030 0.000119 14102.800000 15747 13261
1040 0.000122 14179.500000 15112 13375
1050 0.000115 14403.200000 15887 13566
1060 0.000125 14194.100000 14757 13531
1070 0.000116 14609.800000 15561 13767
1080 0.000128 15012.200000 16240 14283
1090 0.000119 15105.000000 16718 14052
1100 0.000123 15179.900000 16250 14610
1110 0.000136 15186.900000 15885 14419
1120 0.000127 14962.800000 16105 14301
1130 0.000126 15457.300000 16545 14527
1140 0.000132 16340.400000 18058 15205
1150 0.000128 16033.600000 17086 15110
1160 0.000131 15816.900000 16988 14640
1170 0.000140 16033.300000 16699 15430
1180 0.000134 16667.500000 18294 15615
1190 0.000136 16133.400000 16785 15521
1200 0.000136 17113.800000 19061 15808
1210 0.000137 16906.100000 18015 16350
1220 0.000138 16730.300000 18417 15814
1230 0.000137 17055.300000 18117 15745
1240 0.000148 17860.100000 20034 16854
1250 0.000140 17700.100000 19332 16840
1260 0.000143 17875.100000 19267 15932
1270 0.000141 17889.100000 19503 16236
1280 0.000145 17964.500000 20324 16859
1290 0.000150 17874.900000 18926 16989
1300 0.000146 17956.900000 18785 17277
1310 0.000150 18208.400000 18889 17213
1320 0.000151 18526.700000 19311 17653
1330 0.000155 18408.500000 19382 17866
1340 0.000149 19420.500000 20885 18338
1350 0.000154 18805.300000 19995 17905
1360 0.000156 18980.700000 20668 18066
1370 0.000184 19389.100000 21579 18304
1380 0.000161 19886.700000 21671 19069
1390 0.000161 19713.800000 20130 18946
1400 0.000157 19694.700000 22052 18757
1410 0.000171 20215.200000 22283 19128
1420 0.000161 20157.900000 21680 18586
1430 0.000170 19955.200000 20810 18858
1440 0.000165 20412.300000 21635 19404
1450 0.000167 20682.300000 21778 19954
1460 0.000165 20507.000000 21235 19327
1470 0.000172 21196.900000 21959 20332
1480 0.000167 21092.800000 23032 20025
1490 0.000190 21777.300000 23373 20239
1500 0.000172 21523.000000 24102 19860
1510 0.000177 22075.300000 22770 20711
1520 0.000175 21678.900000 24095 20664
1530 0.000181 21782.200000 22648 20707
1540 0.000177 22713.900000 26809 21192
1550 0.000177 21689.700000 22761 20726
1560 0.000177 22706.000000 23789 21437
1570 0.000182 22522.200000 24657 21332
1580 0.000181 23060.000000 25965 21422
1590 0.000186 22715.900000 24699 21791
1600 0.000204 23682.500000 24890 22866
1610 0.000182 22781.300000 23825 21521
1620 0.000184 23550.400000 24873 22287
1630 0.000192 23307.500000 25001 21896
1640 0.000190 23750.100000 25183 23073
1650 0.000190 24009.200000 25711 22823
1660 0.000194 24354.500000 25780 23446
1670 0.000195 24569.700000 25497 23290
1680 0.000191 23859.100000 24507 22984
1690 0.000196 25041.700000 27544 23524
1700 0.000203 25340.700000 26376 23790
1710 0.000196 24884.400000 27193 23527
1720 0.000199 25615.800000 29433 23404
1730 0.000203 25418.600000 26699 23606
1740 0.000204 25919.700000 27709 24435
1750 0.000202 25581.100000 27039 24414
1760 0.000209 26125.700000 27788 23634
1770 0.000205 26052.400000 28157 23967
1780 0.000208 27192.600000 30088 25314
1790 0.000219 25579.300000 26776 24390
1800 0.000226 26034.900000 28231 25019
1810 0.000210 26952.600000 28091 25342
1820 0.000211 27160.100000 29047 25910
1830 0.000211 27119.500000 30279 25938
1840 0.000213 26504.700000 28035 25292
1850 0.000227 28026.400000 31850 26328
1860 0.000239 28219.000000 31007 25937
1870 0.000232 27808.600000 28732 26461
1880 0.000225 27497.600000 28846 26311
1890 0.000222 27735.100000 29278 26432
1900 0.000225 27901.000000 29388 26407
1910 0.000227 28130.400000 29980 27243
1920 0.000224 28550.300000 31305 27467
1930 0.000228 28766.200000 29845 27187
1940 0.000239 28970.000000 31539 26821
1950 0.000244 29251.300000 30760 27073
1960 0.000234 28156.100000 29340 26936
1970 0.000235 29250.600000 30071 28269
1980 0.000245 29955.700000 33781 27735
1990 0.000229 30088.600000 32689 28222
2000 0.000242 29979.700000 31056 28791
2010 0.000249 30097.800000 32112 29071
2020 0.000242 30564.400000 32037 28934
2030 0.000239 30654.900000 31874 29283
2040 0.000241 30837.500000 33215 29476
2050 0.000245 30584.600000 32697 28265
2060 0.000244 30456.700000 32408 29554
2070 0.000249 31335.100000 34352 29253
2080 0.000253 31317.600000 34294 29193
2090 0.000258 31414.400000 33031 29684
2100 0.000261 31699.200000 34124 30076
2110 0.000261 31335.900000 33049 30145
2120 0.000257 31700.700000 34349 29436
2130 0.000250 31130.000000 32505 30344
2140 0.000250 32131.100000 34557 30977
2150 0.000254 32089.500000 35816 30720
2160 0.000253 33195.600000 38124 31075
2170 0.000274 32571.100000 34665 30610
2180 0.000314 32567.800000 34022 30967
2190 0.000262 33337.700000 37822 31076
2200 0.000277 33657.100000 36429 31490
2210 0.000273 33520.600000 36076 32026
2220 0.000269 32717.000000 35917 31712
2230 0.000271 33813.900000 35389 32236
2240 0.000267 34081.200000 38187 32081
2250 0.000275 34714.200000 37678 32066
2260 0.000274 35446.000000 39800 33492
2270 0.000275 34711.400000 36941 32940
2280 0.000274 34262.100000 37086 32661
2290 0.000278 34260.600000 35901 32452
2300 0.000290 34930.600000 37548 33012
2310 0.000296 35483.600000 38221 33893
2320 0.000284 35181.100000 37321 33521
2330 0.000283 35131.100000 37243 32832
2340 0.000307 36905.000000 40176 34142
2350 0.000289 35684.900000 37348 33892
2360 0.000283 36218.400000 40676 33355
2370 0.000322 36886.900000 39008 35204
2380 0.000286 36869.800000 38703 34930
2390 0.000290 37194.300000 39930 34787
2400 0.000294 36268.900000 38855 34237
2410 0.000298 37409.300000 41340 34842
2420 0.000290 37589.900000 42575 35436
2430 0.000309 37978.400000 40136 35803
2440 0.000298 36873.000000 38855 35644
2450 0.000293 37721.800000 40253 35810
2460 0.000301 38154.800000 41266 35882
2470 0.000301 37774.300000 40235 35660
2480 0.000308 37485.900000 38819 36746
2490 0.000301 38502.000000 43485 36653
2500 0.000302 38927.200000 41789 37222
2510 0.000320 38271.700000 41564 36816
2520 0.000316 39457.100000 46257 37206
2530 0.000311 38995.500000 42541 36222
2540 0.000335 39399.800000 45190 36915
2550 0.000325 39462.100000 43773 37234
2560 0.000311 39320.400000 41551 37551
2570 0.000321 39955.700000 42882 37580
2580 0.000315 40174.100000 42641 37514
2590 0.000328 39830.700000 43188 37909
2600 0.000338 40349.400000 42613 38401
2610 0.000324 40720.500000 43411 38774
2620 0.000315 40769.900000 41997 39140
2630 0.000328 41178.400000 44661 38701
2640 0.000335 41134.200000 44683 38571
2650 0.000351 41359.000000 44701 39006
2660 0.000348 41320.500000 43066 38936
2670 0.000327 41477.200000 45033 39422
2680 0.000337 40839.500000 42906 38119
2690 0.000335 42318.900000 47542 39275
2700 0.000354 42007.600000 43836 41036
2710 0.000334 41864.200000 44800 40104
2720 0.000347 42044.700000 49008 39579
2730 0.000343 43939.700000 49295 41006
2740 0.000346 42399.100000 44857 40210
2750 0.000361 43265.600000 44582 42216
2760 0.000336 42539.200000 45114 40417
2770 0.000342 43961.900000 50749 41194
2780 0.000348 44140.300000 47933 41764
2790 0.000343 44073.900000 45906 40990
2800 0.000353 44309.800000 45986 42640
2810 0.000361 44020.300000 46729 41999
2820 0.000350 43332.800000 44441 41576
2830 0.000351 43817.300000 46448 42432
2840 0.000364 44121.100000 47507 42319
2850 0.000360 44311.600000 49977 41004
2860 0.000392 44575.200000 49415 42166
2870 0.000372 44275.800000 46673 41995
2880 0.000371 44956.500000 46669 43362
2890 0.000363 45949.100000 48973 42069
2900 0.000373 45084.500000 49261 43471
2910 0.000391 45168.100000 47783 43000
2920 0.000372 45837.500000 48807 43511
2930 0.000367 46568.300000 50328 44338
2940 0.000382 46557.600000 49144 44403
2950 0.000361 45371.900000 46308 44556
2960 0.000371 45767.900000 47267 44258
2970 0.000374 46727.900000 50670 43749
2980 0.000372 46564.500000 48993 44778
2990 0.000416 46661.200000 48460 44517
3000 0.000376 46969.000000 49847 44317
3010 0.000378 46702.500000 49610 43993
3020 0.000381 47329.200000 52674 44610
3030 0.000377 47781.500000 50384 45482
3040 0.000378 48080.700000 54987 44875
3050 0.000403 50147.100000 56940 47062
3060 0.000383 48388.800000 49927 45941
3070 0.000397 48330.600000 49676 45678
3080 0.000413 47955.800000 52295 46079
3090 0.000388 47933.500000 50364 45087
3100 0.000398 49240.700000 52922 46729
3110 0.000381 48936.400000 52574 46588
3120 0.000382 50109.800000 54481 47476
3130 0.000389 50137.200000 57412 47497
3140 0.000384 49810.500000 54090 46687
3150 0.000386 50067.200000 52800 47813
3160 0.000387 50003.500000 53140 48440
3170 0.000388 50532.600000 52539 48936
3180 0.000396 50186.000000 52581 47012
3190 0.000401 51384.700000 53876 47783
3200 0.000402 50403.500000 53264 48374
3210 0.000426 51097.700000 57979 49311
3220 0.000405 50466.000000 52672 49007
3230 0.000432 52475.200000 57973 49657
3240 0.000411 51464.200000 54198 48994
3250 0.000458 51380.800000 55210 49339
3260 0.000451 51706.900000 53986 48770
3270 0.000415 52088.400000 57090 48852
3280 0.000407 52154.600000 54397 49973
3290 0.000439 51685.400000 57870 49570
3300 0.000444 53247.700000 56458 50441
3310 0.000425 53460.500000 58593 51363
3320 0.000423 52275.200000 54304 48912
3330 0.000433 53642.900000 56851 50879
3340 0.000446 53425.500000 57452 50923
3350 0.000429 54045.000000 61827 50827
3360 0.000434 53974.300000 57570 50590
3370 0.000429 54796.000000 57147 51993
3380 0.000459 53351.800000 55676 51183
3390 0.000450 53809.300000 56517 51155
3400 0.000431 54049.900000 58346 51840
3410 0.000432 54162.400000 58007 51152
3420 0.000436 53470.600000 56012 51696
3430 0.000448 55248.600000 59224 52887
3440 0.000431 55448.100000 58703 53059
3450 0.000432 55151.100000 57831 51805
3460 0.000433 55989.400000 65369 52247
3470 0.000439 55987.700000 57858 52664
3480 0.000433 56746.700000 60865 53018
3490 0.000440 57264.800000 59703 54577
3500 0.000437 55745.600000 58340 53392
3510 0.000436 57510.300000 60848 54607
3520 0.000436 57679.400000 62010 53659
3530 0.000443 58560.700000 62078 55254
3540 0.000454 57937.400000 60569 53991
3550 0.000512 56254.100000 58259 53752
3560 0.000504 56994.900000 58633 55025
3570 0.000482 57988.300000 62221 54759
3580 0.000445 57068.200000 59913 54940
3590 0.000448 59170.300000 67896 55503
3600 0.000457 57577.700000 60009 53474
3610 0.000449 57885.300000 61513 54432
3620 0.000461 57301.400000 60818 56083
3630 0.000451 58052.200000 61978 54789
3640 0.000482 58972.500000 62958 54319
3650 0.000454 58420.100000 62432 55257
3660 0.000505 58738.500000 63370 55869
3670 0.000490 60358.500000 68375 57211
3680 0.000504 59979.900000 65409 57694
3690 0.000473 59697.300000 61565 57957
3700 0.000470 60555.900000 63561 58395
3710 0.000473 58664.100000 61478 56929
3720 0.000486 59523.500000 62595 57379
3730 0.000478 58915.400000 62720 56475
3740 0.000491 61120.600000 66270 58230
3750 0.000514 60870.800000 63691 58156
3760 0.000527 61440.600000 67397 57502
3770 0.000484 62639.700000 65140 59906
3780 0.000549 62509.900000 66061 58677
3790 0.000611 62149.900000 65783 58895
3800 0.000490 62305.700000 66634 57179
3810 0.000499 63503.000000 70264 60291
3820 0.000483 61298.800000 65463 57424
3830 0.000484 63180.600000 69595 58703
3840 0.000500 61069.000000 66091 57795
3850 0.000508 62000.600000 65978 59656
3860 0.000530 62611.300000 65603 60848
3870 0.000523 63305.500000 66671 59865
3880 0.000502 63832.100000 68554 58741
3890 0.000515 64448.900000 71729 60213
3900 0.000497 62681.200000 64956 61244
3910 0.000493 63807.400000 68767 60449
3920 0.000497 63180.100000 65130 59936
3930 0.000503 64663.100000 73004 60814
3940 0.000507 63667.000000 66487 60747
3950 0.000507 64090.200000 66720 59686
3960 0.000540 64222.500000 67975 62156
3970 0.000508 64424.300000 67946 61066
3980 0.000500 64580.600000 70577 60531
3990 0.000509 67091.900000 73757 61646
4000 0.000505 64644.000000 67384 61266
4010 0.000508 64863.100000 70350 61393
4020 0.000509 66620.600000 70996 63801
4030 0.000524 65459.300000 67797 62989
4040 0.000521 66475.300000 72303 63184
4050 0.000524 66325.600000 68880 64037
4060 0.000525 67734.500000 70236 65284
4070 0.000524 65979.200000 71326 62482
4080 0.000542 67333.900000 69700 64988
4090 0.000542 70659.600000 75160 64454
4100 0.000519 67113.100000 72384 63211
4110 0.000523 67205.600000 71109 64565
4120 0.000523 67596.100000 71760 64415
4130 0.000527 68489.200000 74043 64712
4140 0.000521 66840.900000 73421 63761
4150 0.000525 68015.800000 72771 64165
4160 0.000532 68358.100000 71775 64730
4170 0.000525 67564.100000 71049 63961
4180 0.000537 68638.900000 72025 65861
4190 0.000534 68473.600000 72560 64300
4200 0.000530 68136.500000 72032 65249
4210 0.000536 69496.100000 71780 66978
4220 0.000535 70190.400000 73734 67913
4230 0.000540 69999.200000 76631 66395
4240 0.000574 69913.800000 81190 66353
4250 0.000558 70454.200000 74008 67561
4260 0.000551 71377.500000 76017 66296
4270 0.000544 70570.800000 74347 66401
4280 0.000543 71125.300000 77579 67268
4290 0.000547 71576.900000 74761 68634
4300 0.000550 70789.700000 73352 66875
4310 0.000548 70222.500000 72862 67659
4320 0.000567 71363.700000 77821 68464
4330 0.000551 71149.000000 73886 67127
4340 0.000558 70678.200000 73126 68182
4350 0.000557 72870.500000 81120 68214
4360 0.000571 70840.800000 77735 68321
4370 0.000561 71274.600000 74708 68332
4380 0.000586 73642.100000 77188 70038
4390 0.000603 71477.100000 74798 68718
4400 0.000597 71462.100000 73325 69567
4410 0.000586 72172.700000 75988 69701
4420 0.000568 71954.900000 75187 68341
4430 0.000594 74625.800000 83565 69705
4440 0.000563 73047.000000 78476 69025
4450 0.000565 74372.400000 77049 71606
4460 0.000571 73509.400000 75701 69039
4470 0.000605 75116.500000 79122 69786
4480 0.000602 73095.000000 77852 69939
4490 0.000625 72500.600000 74761 70303
4500 0.000628 74754.000000 77474 71717
4510 0.000590 73656.000000 78445 70587
4520 0.000621 74228.200000 75959 71147
4530 0.000609 74235.000000 80491 69830
4540 0.000600 75416.000000 81102 72289
4550 0.000583 75420.000000 80160 73221
4560 0.000584 74966.400000 80619 71591
4570 0.000602 75811.100000 79687 72084
4580 0.000593 76119.500000 80470 71867
4590 0.000586 76317.200000 79575 72641
4600 0.000596 75758.200000 80739 71811
4610 0.000590 75000.500000 77869 72499
4620 0.000620 77491.800000 86206 73734
4630 0.000590 77384.500000 80926 73836
4640 0.000601 76229.000000 80875 73023
4650 0.000619 76691.800000 81229 72587
4660 0.000605 75533.800000 78869 72118
4670 0.000710 77026.600000 80054 73538
4680 0.000608 79060.400000 85658 72559
4690 0.000607 80432.200000 86401 74189
4700 0.000606 78815.400000 85012 74212
4710 0.000611 78702.300000 84994 74396
4720 0.000607 79306.200000 84906 73799
4730 0.000607 77942.000000 80168 75237
4740 0.000613 79101.300000 85006 75895
4750 0.000610 77309.500000 81254 74545
4760 0.000618 78902.500000 84070 75261
4770 0.000613 78077.100000 81562 75788
4780 0.000629 80234.800000 85826 75721
4790 0.000621 81712.400000 88876 78495
4800 0.000619 80197.200000 85428 76075
4810 0.000655 82172.900000 91209 77671
4820 0.000632 80379.200000 83684 78149
4830 0.000642 80939.100000 87040 78216
4840 0.000640 80601.200000 84026 79014
4850 0.000643 80491.200000 85929 76936
4860 0.000681 82526.400000 86343 79275
4870 0.000747 80816.000000 82358 77365
4880 0.000630 81254.600000 85630 76866
4890 0.000634 80103.200000 83438 76863
4900 0.000633 81936.600000 90521 77286
4910 0.000631 82933.000000 88024 78628
4920 0.000637 83740.100000 94072 77974
4930 0.000637 82074.100000 94470 78319
4940 0.000637 82910.200000 85246 79879
4950 0.000642 85028.000000 89864 78920
4960 0.000658 83240.700000 87086 79253
4970 0.000651 87261.100000 96740 81331
4980 0.000644 83166.100000 88429 79952
4990 0.000641 84517.000000 89682 79342
5000 0.000638 84487.300000 88598 79725
5010 0.000670 84885.800000 89269 81772
5020 0.000651 86058.800000 91402 81391
5030 0.000665 84759.100000 88815 81703
5040 0.000660 85360.600000 89618 81124
5050 0.000664 85200.300000 89324 82369
5060 0.000657 84414.200000 89388 82148
5070 0.000669 86563.400000 95706 79672
5080 0.000668 86233.400000 92350 80671
5090 0.000670 85294.900000 90415 81595
5100 0.000680 87657.200000 91086 83914
5110 0.000674 86169.000000 91971 82487
5120 0.000675 87301.200000 96584 82797
5130 0.000671 87915.600000 90503 84570
5140 0.000666 88501.000000 93564 83818
5150 0.000687 86445.600000 91419 81828
5160 0.000682 88253.500000 92495 84814
5170 0.000713 86442.800000 90680 81581
5180 0.000690 85791.300000 89663 82888
5190 0.000682 90160.900000 98714 84504
5200 0.000700 86864.000000 90094 83087
5210 0.000710 86576.800000 93967 82193
5220 0.000743 86376.800000 90559 82688
5230 0.000772 87540.000000 92715 84628
5240 0.000748 89564.300000 101828 85743
5250 0.000705 88245.600000 96592 85338
5260 0.000743 89007.000000 94184 85747
5270 0.000917 88519.600000 95912 85578
5280 0.000776 88195.200000 93414 85129
5290 0.000781 88918.800000 95461 83190
5300 0.000736 90129.200000 98289 84849
5310 0.000944 91464.600000 94730 87159
5320 0.000774 89952.600000 97748 85064
5330 0.000773 90255.300000 98346 84756
5340 0.000709 89428.800000 93697 87678
5350 0.000735 90306.200000 94561 87132
5360 0.000734 88694.200000 94509 85296
5370 0.000721 90470.100000 96479 86856
5380 0.000717 90063.300000 94753 86773
5390 0.000717 90964.500000 96551 85899
5400 0.000765 92408.700000 99340 88153
5410 0.000796 92078.100000 95568 88427
5420 0.000795 93600.500000 99979 89327
5430 0.000779 91482.100000 100000 85916
5440 0.000763 93207.500000 99247 89321
5450 0.000713 90487.900000 91532 87718
5460 0.000783 91894.700000 97510 87290
5470 0.000807 92358.500000 97381 89041
5480 0.000770 92315.400000 98719 88388
5490 0.000810 94566.900000 102054 90499
5500 0.000806 94115.600000 100740 89902
5510 0.000749 92840.900000 97881 89158
5520 0.000756 92408.300000 98646 87879
5530 0.000758 93994.500000 104975 90295
5540 0.000752 93155.200000 96858 89120
5550 0.000754 94270.100000 98649 89978
5560 0.000746 93751.300000 97985 90332
5570 0.000768 96903.600000 102792 89062
5580 0.000744 94233.200000 102805 89316
5590 0.000748 95484.700000 101675 91865
5600 0.000746 98119.000000 105946 90028
5610 0.000743 95280.100000 100407 89082
5620 0.000741 95902.800000 100650 91184
5630 0.000740 96953.800000 102609 90994
5640 0.000774 94556.900000 98731 90438
5650 0.000759 97936.500000 104565 92971
5660 0.000771 96724.000000 110368 92802
5670 0.000771 97904.600000 103605 91850
5680 0.000779 96763.400000 103568 90442
5690 0.000856 98909.200000 108358 92917
5700 0.000749 97739.000000 102842 93246
5710 0.000746 98369.700000 102301 94333
5720 0.000804 99118.700000 104872 94695
5730 0.000780 99581.700000 105687 94596
5740 0.000828 97404.300000 100079 92501
5750 0.000796 97272.300000 105128 91926
5760 0.000773 97026.000000 103405 92178
5770 0.000780 99928.300000 115556 93467
5780 0.000796 100536.500000 107949 92961
5790 0.000766 99535.800000 102122 96262
5800 0.000765 98417.100000 103244 95255
5810 0.000766 99197.700000 104071 95209
5820 0.000771 100995.300000 107971 95296
5830 0.000770 99631.300000 103803 92686
5840 0.000767 99897.600000 105771 95472
5850 0.000779 100784.500000 105675 95399
5860 0.000762 99233.300000 107683 94325
5870 0.000771 99951.700000 103727 97919
5880 0.000794 101196.200000 108238 95494
5890 0.000825 100788.700000 107030 96141
5900 0.000781 98988.800000 103080 95256
5910 0.000780 99638.100000 106656 95479
5920 0.000775 99673.100000 103108 94362
5930 0.000785 101730.600000 107256 97136
5940 0.000780 98763.800000 102669 94530
5950 0.000793 104468.000000 110039 97751
5960 0.000785 101048.100000 104014 97053
5970 0.000857 101787.600000 106223 98064
5980 0.000852 102326.400000 107935 97770
5990 0.000858 102853.000000 107606 99412
6000 0.000861 104587.100000 111511 99432
6010 0.000824 102480.900000 110959 97355
6020 0.000909 103786.300000 109030 98488
6030 0.000902 104836.900000 113209 98956
6040 0.000814 102360.600000 108550 97175
6050 0.000810 104611.300000 113260 98731
6060 0.000793 103431.300000 107586 99956
6070 0.000800 105520.300000 114187 100406
6080 0.000816 105033.500000 113960 98555
6090 0.000806 104775.500000 110741 100445
6100 0.000800 106491.400000 114516 98965
6110 0.000824 106346.000000 109338 103456
6120 0.000823 102764.300000 105091 100532
6130 0.000817 105280.500000 118277 98729
6140 0.000836 105611.500000 113596 99099
6150 0.000870 104626.400000 107780 98713
6160 0.000867 107622.200000 111616 101497
6170 0.000824 105266.000000 110343 101783
6180 0.000813 106382.100000 112547 100978
6190 0.000815 106288.700000 117006 102200
6200 0.000816 105709.700000 112642 100580
6210 0.000817 108077.900000 110628 100268
6220 0.000823 106162.400000 109497 102158
6230 0.000822 105796.300000 114650 101359
6240 0.000824 106251.200000 112517 102770
6250 0.000882 108823.200000 115821 102292
6260 0.000873 106522.700000 111374 101576
6270 0.000910 109152.800000 120883 103360
6280 0.000849 110052.400000 115889 102639
6290 0.000828 107639.000000 116934 102072
6300 0.000845 109083.100000 113758 103951
6310 0.000846 111125.300000 119687 106620
6320 0.000897 108936.800000 115794 105947
6330 0.000833 109015.700000 117191 104494
6340 0.000835 108316.400000 115832 102095
6350 0.000839 107911.100000 111032 104822
6360 0.000833 112021.700000 122190 105102
6370 0.000849 110566.200000 117973 106358
6380 0.000842 110167.500000 113864 105165
6390 0.000839 109341.700000 112449 105724
6400 0.000847 111657.200000 115815 107752
6410 0.000856 111352.600000 116098 107297
6420 0.000843 110753.600000 121079 105693
6430 0.000878 112301.300000 118198 106967
6440 0.000878 110417.100000 115884 104589
6450 0.000869 110236.700000 118174 104743
6460 0.000871 112832.700000 121147 108083
6470 0.000881 114075.700000 130344 106385
6480 0.000888 112912.000000 117907 108702
6490 0.000872 112413.300000 117535 104951
6500 0.000870 111921.000000 115541 108219
6510 0.000884 112409.100000 123835 107062
6520 0.000889 113584.100000 119220 108931
6530 0.000892 113625.000000 122225 108642
6540 0.000883 113715.600000 119654 108201
6550 0.000886 114313.100000 125488 106433
6560 0.000889 112309.700000 121610 108466
6570 0.000888 115847.700000 121786 112261
6580 0.000897 112943.000000 123083 108461
6590 0.000898 113993.300000 124347 109867
6600 0.000870 114398.500000 124853 108029
6610 0.000882 112987.700000 121812 108225
6620 0.000885 114425.500000 124825 108564
6630 0.000899 116195.300000 122675 111214
6640 0.000969 118204.200000 129307 109472
6650 0.000920 115171.900000 127249 109971
6660 0.000977 115996.000000 122196 110972
6670 0.000946 116261.600000 123193 107768
6680 0.000933 115442.800000 125243 110646
6690 0.000895 115086.500000 119715 111331
6700 0.000924 115643.100000 125645 110404
6710 0.000989 115128.200000 121500 110539
6720 0.000962 114848.700000 117552 110420
6730 0.000962 118516.400000 125036 112771
6740 0.000914 118077.800000 124845 113567
6750 0.000901 116862.200000 121227 111632
6760 0.000902 115990.500000 121042 112497
6770 0.000939 117446.400000 124577 112468
6780 0.000953 116838.200000 125771 112470
6790 0.000909 119255.200000 139348 113016
6800 0.000922 118362.900000 123284 111828
6810 0.000905 118583.100000 127385 114180
6820 0.000907 118661.800000 125526 114156
6830 0.000913 116459.000000 119921 111572
6840 0.000925 118232.700000 126234 112170
6850 0.000912 119032.800000 126724 112688
6860 0.000902 118194.400000 127015 111970
6870 0.000911 117031.500000 122365 111763
6880 0.000922 117820.400000 121420 114015
6890 0.000922 118316.700000 123295 114617
6900 0.000914 119617.100000 124766 115109
6910 0.000922 124648.700000 141397 118531
6920 0.000922 123533.700000 130936 119571
6930 0.000930 120825.900000 130034 115173
6940 0.000928 122991.300000 131165 117160
6950 0.000988 121993.900000 130807 116281
6960 0.001070 119800.800000 130537 115175
6970 0.000958 124200.500000 130105 114996
6980 0.000947 122672.600000 130369 117585
6990 0.000964 121133.100000 131432 113966
7000 0.000989 122622.100000 130265 118878
7010 0.001013 124796.800000 133218 116178
7020 0.000986 120070.600000 127813 115290
7030 0.001009 122693.900000 126959 116336
7040 0.000967 121983.400000 135180 115277
7050 0.000947 123040.300000 134412 118415
7060 0.000978 123494.800000 129640 115972
7070 0.000974 123602.600000 138001 117750
7080 0.000964 122053.400000 129342 116638
7090 0.001029 124739.400000 133181 118081
7100 0.000977 125972.600000 131769 118765
7110 0.001002 123543.600000 129039 119050
7120 0.000995 121795.000000 128162 118185
7130 0.000987 125062.900000 131176 118678
7140 0.000990 123837.600000 127343 118729
7150 0.001013 123832.500000 126431 120084
7160 0.001033 125834.600000 130138 123112
7170 0.001029 125597.900000 130564 120860
7180 0.001012 127034.400000 139877 117940
7190 0.001001 125783.000000 135834 118676
7200 0.001002 125600.400000 129698 122302
7210 0.001025 127031.200000 134160 121358
7220 0.001031 127381.300000 133837 122614
7230 0.001009 124720.800000 131436 122061
7240 0.001058 129657.500000 147166 121644
7250 0.000983 127127.500000 135623 119758
7260 0.001004 127443.000000 131349 124027
7270 0.001055 126957.600000 139445 119830
7280 0.001026 125449.400000 130528 122058
7290 0.001018 129617.200000 136115 121861
7300 0.001023 129471.400000 141202 122106
7310 0.001033 128258.800000 133643 120460
7320 0.001030 128026.600000 137823 121729
7330 0.001041 125939.700000 133310 122042
7340 0.001028 129567.200000 149214 123524
7350 0.001000 131644.900000 146033 124061
7360 0.000989 130176.200000 139482 124427
7370 0.000989 128757.300000 134836 125183
7380 0.000999 128349.100000 137120 122725
7390 0.000986 129012.700000 136573 124179
7400 0.000992 131429.700000 142827 125254
7410 0.001002 127488.400000 136157 120231
7420 0.000999 132524.800000 143376 123335
7430 0.001053 129818.600000 135311 120554
7440 0.001087 133365.900000 137317 124695
7450 0.001039 129756.600000 134368 125161
7460 0.001059 133301.300000 147790 125913
7470 0.001041 132349.700000 145615 124614
7480 0.001094 133912.500000 153146 125239
7490 0.001021 131115.800000 138861 125108
7500 0.001022 133730.300000 160178 126304
7510 0.001037 131118.800000 138766 126995
7520 0.001015 134303.300000 144458 126842
7530 0.001035 133155.600000 138573 126097
7540 0.001071 135694.900000 141276 129786
7550 0.001010 132443.500000 135320 128866
7560 0.001020 133273.800000 152182 127878
7570 0.001045 131721.400000 137722 125979
7580 0.001051 133891.300000 139706 126740
7590 0.001246 134389.400000 146728 128318
7600 0.001107 134164.500000 140887 130962
7610 0.001075 133581.500000 146868 128223
7620 0.001173 136010.400000 144602 128483
7630 0.001102 133860.400000 139773 127447
7640 0.001083 133028.600000 138454 127785
7650 0.001066 133505.800000 142052 125793
7660 0.001059 135299.800000 146999 129963
7670 0.001034 135166.200000 144807 129357
7680 0.001041 133138.400000 138745 126638
7690 0.001059 136700.500000 146235 129939
7700 0.001031 136182.200000 144404 131287
7710 0.001059 139587.100000 156575 128232
7720 0.001069 135149.600000 142639 127608
7730 0.001079 135591.800000 148758 127014
7740 0.001058 140673.900000 154882 130609
7750 0.001058 137041.500000 153947 127168
7760 0.001083 137703.400000 149221 131409
7770 0.001066 138569.100000 147790 133307
7780 0.001111 135639.400000 141840 129854
7790 0.001074 136646.800000 141846 130304
7800 0.001067 136801.600000 143918 131669
7810 0.001067 138190.700000 150550 128937
7820 0.001084 136549.500000 142199 132143
7830 0.001087 140265.600000 148974 134698
7840 0.001095 140495.700000 148068 132208
7850 0.001072 139087.100000 148379 131486
7860 0.001074 139829.200000 145239 133301
7870 0.001133 141768.400000 146875 137755
7880 0.001091 140266.700000 155552 133262
7890 0.001099 140996.100000 149683 133808
7900 0.001120 139503.900000 158585 132665
7910 0.001098 139525.300000 148412 134712
7920 0.001080 140475.900000 146921 134038
7930 0.001081 139511.600000 146099 134910
7940 0.001091 140494.800000 147405 134970
7950 0.001087 140695.200000 146956 132749
7960 0.001085 143194.400000 150815 131207
7970 0.001086 139818.600000 151891 131693
7980 0.001097 140272.200000 145080 136876
7990 0.001121 143378.700000 157608 135626
8000 0.001077 140694.900000 147484 135668
8010 0.001088 140574.300000 151967 134516
8020 0.001094 142160.700000 149288 135252
8030 0.001084 142461.800000 151676 137394
8040 0.001107 141389.000000 155793 131564
8050 0.001095 145346.700000 149533 141575
8060 0.001092 141203.300000 152277 135371
8070 0.001095 143579.300000 149057 137917
8080 0.001103 144789.500000 151667 137724
8090 0.001104 142356.500000 151402 136754
8100 0.001158 142716.300000 149257 138658
8110 0.001161 141164.300000 148656 134221
8120 0.001137 141119.000000 147647 136573
8130 0.001137 143579.900000 151487 136541
8140 0.001165 146847.900000 154518 139371
8150 0.001151 145234.200000 157810 141018
8160 0.001110 142673.700000 148184 136880
8170 0.001105 145912.100000 163209 138661
8180 0.001115 144542.100000 153968 138317
8190 0.001110 144423.500000 156741 137527
8200 0.001122 147219.200000 164501 138948
8210 0.001129 144727.000000 151559 140415
8220 0.001113 143810.400000 152080 137344
8230 0.001142 145960.400000 156697 139273
8240 0.001170 145242.200000 149156 141856
8250 0.001122 146448.300000 151138 142160
8260 0.001136 145396.000000 152196 140468
8270 0.001121 144806.100000 148565 140913
8280 0.001136 148256.800000 160063 140077
8290 0.001130 144132.100000 147401 140406
8300 0.001169 148876.000000 153953 142878
8310 0.001146 150163.400000 164834 144837
8320 0.001148 145899.700000 150943 139760
8330 0.001160 150829.200000 160012 142677
8340 0.001142 147052.400000 153646 140876
8350 0.001148 150933.000000 168511 142270
8360 0.001149 149467.300000 161770 140618
8370 0.001185 148627.200000 159305 141080
8380 0.001144 146811.400000 157342 140338
8390 0.001144 148754.700000 158854 142422
8400 0.001158 152643.300000 163838 144745
8410 0.001138 149707.800000 157616 143082
8420 0.001138 148741.100000 157169 141995
8430 0.001162 153472.300000 160612 144724
8440 0.001153 151386.000000 157990 145479
8450 0.001166 151404.500000 166285 146006
8460 0.001161 153889.400000 161903 148851
8470 0.001156 148881.500000 154548 142705
8480 0.001157 154849.100000 165146 149227
8490 0.001171 151108.100000 164311 143618
8500 0.001161 148423.100000 155312 143544
8510 0.001163 153212.100000 159528 146595
8520 0.001217 154108.400000 164501 147078
8530 0.001199 151231.400000 166640 145728
8540 0.001217 151543.100000 159144 144642
8550 0.001268 154517.800000 167043 148315
8560 0.001248 153712.300000 161895 145872
8570 0.001230 154772.300000 163753 145582
8580 0.001226 152394.300000 158138 144454
8590 0.001235 151731.300000 161425 147509
8600 0.001215 152335.200000 169810 146659
8610 0.001215 154031.200000 161086 147160
8620 0.001205 154542.100000 165033 145696
8630 0.001240 153491.000000 165145 144644
8640 0.001260 153704.200000 162013 144246
8650 0.001346 156875.200000 170968 149896
8660 0.001258 154953.600000 159221 151288
8670 0.001318 156364.900000 180816 147633
8680 0.001204 155819.200000 170617 147589
8690 0.001277 155452.200000 161972 149954
8700 0.001274 154879.300000 168388 149188
8710 0.001257 154256.500000 167148 149073
8720 0.001232 154069.300000 162083 146906
8730 0.001259 153738.500000 160050 148658
8740 0.001194 153737.800000 163708 147368
8750 0.001224 156277.700000 174367 151654
8760 0.001209 159426.800000 174350 151761
8770 0.001220 156206.000000 173043 150872
8780 0.001308 155905.200000 164747 147435
8790 0.001220 158264.900000 164876 149777
8800 0.001221 156519.300000 163094 147537
8810 0.001237 159281.500000 170833 153840
8820 0.001225 157610.500000 172302 150356
8830 0.001237 157082.800000 165507 151711
8840 0.001230 159170.600000 169997 150266
8850 0.001234 159229.700000 176711 154042
8860 0.001223 157165.400000 159792 153442
8870 0.001273 158337.700000 167967 151661
8880 0.001306 159628.600000 173662 152719
8890 0.001238 157508.400000 164718 152651
8900 0.001223 161394.400000 167991 154006
8910 0.001222 161496.200000 168845 155326
8920 0.001219 157909.200000 161479 151217
8930 0.001232 157350.100000 162299 152852
8940 0.001249 159900.500000 167373 154200
8950 0.001230 159177.200000 166444 152246
8960 0.001231 162729.000000 175668 155560
8970 0.001236 161571.200000 170040 154361
8980 0.001259 165717.100000 175718 155266
8990 0.001270 162740.000000 175322 151853
9000 0.001259 163832.200000 187084 156115
9010 0.001286 160956.100000 169205 154801
9020 0.001279 162102.400000 175735 156639
9030 0.001284 164162.700000 192390 152552
9040 0.001243 164425.000000 177263 154084
9050 0.001255 159959.600000 171299 153580
9060 0.001244 164966.000000 181340 156961
9070 0.001249 164030.700000 169961 155582
9080 0.001260 162403.000000 173035 153552
9090 0.001257 166489.400000 181149 156999
9100 0.001253 164881.600000 195790 155476
9110 0.001262 162213.900000 168970 155071
9120 0.001272 165224.000000 183261 157951
9130 0.001257 162524.900000 166846 158723
9140 0.001253 163047.700000 170643 157186
9150 0.001265 166006.200000 181216 158662
9160 0.001288 165819.700000 179684 158452
9170 0.001269 164469.000000 171679 154134
9180 0.001338 163249.600000 171806 156232
9190 0.001308 164938.200000 170687 159023
9200 0.001314 168887.400000 188661 156121
9210 0.001347 164319.600000 167385 158379
9220 0.001365 165655.700000 187009 159680
9230 0.001324 164355.800000 173925 159038
9240 0.001289 166074.300000 177028 158434
9250 0.001379 165645.600000 175569 158666
9260 0.001338 164731.700000 177858 158557
9270 0.001307 166603.000000 171139 160603
9280 0.001282 166937.200000 177662 158433
9290 0.001297 171471.500000 186575 160926
9300 0.001355 165231.500000 177905 160662
9310 0.001321 164670.000000 171585 158556
9320 0.001317 169705.500000 174614 163112
9330 0.001327 167993.900000 180239 162825
9340 0.001315 171021.700000 183245 164869
9350 0.001301 168900.400000 178649 156599
9360 0.001319 169926.700000 178400 161981
9370 0.001320 168994.800000 181403 162509
9380 0.001333 171184.400000 186601 161309
9390 0.001332 169681.600000 183769 162566
9400 0.001355 172590.500000 181638 165619
9410 0.001304 169978.700000 176495 160693
9420 0.001319 172520.800000 190841 165644
9430 0.001341 172448.100000 179278 162301
9440 0.001366 168937.500000 180044 161642
9450 0.001326 168672.900000 173266 163696
9460 0.001315 169788.100000 187418 161320
9470 0.001319 171549.000000 186879 161545
9480 0.001340 170517.300000 179566 162376
9490 0.001349 174713.200000 189230 165096
9500 0.001453 173802.200000 189309 165447
9510 0.001311 171853.100000 182641 165411
9520 0.001321 171441.200000 181326 165877
9530 0.001390 170246.300000 177832 165800
9540 0.001372 174066.300000 185180 163225
9550 0.001354 170538.400000 186601 163164
9560 0.001386 178998.000000 192719 166147
9570 0.001388 172487.700000 177964 166468
9580 0.001358 170855.000000 179353 165019
9590 0.001381 175821.600000 184522 169274
9600 0.001440 175033.200000 187103 168276
9610 0.001389 171682.200000 178699 165889
9620 0.001393 176193.500000 187244 169612
9630 0.001397 174984.900000 180302 168947
9640 0.001368 175441.600000 183752 167198
9650 0.001397 172864.200000 183087 166409
9660 0.001399 171402.500000 174304 167765
9670 0.001489 177022.900000 193671 166678
9680 0.001364 176316.800000 196849 168918
9690 0.001407 180512.800000 195905 171294
9700 0.001404 176367.600000 183852 168554
9710 0.001480 176285.000000 188703 170750
9720 0.001355 175450.600000 184567 170854
9730 0.001349 179489.800000 187415 169980
9740 0.001366 178801.100000 189044 172806
9750 0.001357 177578.200000 185511 170834
9760 0.001376 183146.200000 196364 175679
9770 0.001355 176423.000000 191512 170483
9780 0.001355 174935.800000 185605 169980
9790 0.001361 179134.900000 197257 168257
9800 0.001407 176025.800000 181533 171164
9810 0.001406 178555.800000 184665 169025
9820 0.001452 178701.100000 185598 172451
9830 0.001487 177953.600000 185818 170637
9840 0.001415 177872.300000 184969 171229
9850 0.001439 180856.400000 193385 173209
9860 0.001418 179193.300000 194048 171349
9870 0.001414 178295.300000 188206 168696
9880 0.001467 179380.600000 189184 171488
9890 0.001416 177107.200000 184304 170420
9900 0.001418 183300.800000 196919 175538
9910 0.001490 181432.700000 188373 173534
9920 0.001368 180543.600000 190072 174751
9930 0.001407 179048.400000 189115 174622
9940 0.001411 179291.200000 195919 168051
9950 0.001426 180374.100000 192711 171909
9960 0.001410 182371.500000 191378 175443
9970 0.001453 180543.600000 190104 174151
9980 0.001467 180989.700000 189994 171537
9990 0.001438 182617.100000 200025 170707
10000 0.001470 184570.100000 194148 173895
