160.1539583570242
156.52592267221544
160.13852713417464
150.54165937009378
160.23308047602168
89.14448457189091
191.81070353280285
89.14448085736541
224.9935360841357
150.46819736571638
224.97620316053244
224.98172430615458
88.5330806782462
141.38164823073865
146.52974505462905
105.13353638690023
101.98434259141379
107.5718586614023
100.46914234321889
105.7507510398651
106.83209519206142
108.38334803648104
122.84088910743793
90.77995732774707
269.6816089594797
123.90519549448616
58.96200208666736
45.158049606841644
72.26033181803925
151.30355111134435
107.22878116061035
295.60587520968556
100.95312065225046
97.87495814857279
351.7534167679377
152.65384010514381
83.06567687834064
81.12045306351449
80.66770191980196
99.8604065801231
83.48212084393742
103.72007414689966
100.57893130885867
96.19556431146339
96.42333962194206
93.81687197385149
268.02643732893256
92.87461248681383
122.79177824595159
88.897993844604
95.7984884195124
78.93995271463103
95.70456385877237
128.96791549171473
166.3477173233952
103.2783518983379
107.13797859780075
59.7152537696977
109.05255088685126
82.67200572483245
90.68919626879735
67.74931479808664
83.98765909494796
84.27773939918006
67.87954520493821
56.69379107802757
81.02639943912999
68.06121506059193
125.69762320888105
84.97578232557888
79.42450011932577
185.55504264485924
95.97205649573964
84.95219725323422
84.24007996948309
114.87631238696603
82.39155939995003
159.00938114503933
165.34909713615303
235.52467050067213
184.02291861465284
183.90719930043602
58.25931079339499
186.0725695531587
168.58609358703242
170.87559449084787
95.99013946229529
109.9037280987723
78.5069602621337
44.054942975773
77.92138689620694
163.11377891135857
75.41666206918855
214.8157621178301
110.28286837020676
274.5269251511986
286.4438886130431
65.17442236978185
81.91678853137965
83.83828292488587
121.98915001723988
121.43550465529916
24.7819069548762
59.25658579008362
88.77327473936128
85.48413957636895
48.82417567610917
98.5594703629054
108.56793594954004
121.62577821322438
121.52291782068106
118.23270356677274
142.1467532673389
154.1582049473373
202.96996987773326
72.75467233065173
92.71852786633602
271.8440731918939
63.69103776027031
55.22381282219815
173.8611614038544
133.65312550103582
71.17615927126153
109.88821241919932
141.395869114008
120.26832259362679
112.63096820400807
106.2532562804065
266.3904014144652
79.61238633231439
53.344195896724614
65.99983455449107
48.45871725606871
142.667312182055
172.1920707341424
81.63607187388033
92.49074413509275
164.65780220528598
57.35918849981221
113.28238464475393
84.35023989399822
111.63077509286576
67.0301464590402
46.36260541239861
41.009362377000905
164.47323921432638
108.600103316973
115.96474067621313
189.66168733613702
80.31111291552168
38.8014491992861
42.769778390429
41.94637211994144
38.07340947455312
62.726308022831105
79.96685308821505
71.54973703656357
72.36808326266822
67.56742357636976
106.06588113864859
88.18158874703433
72.43112983844463
59.1866103120486
85.61083376652377
89.91893888046647
71.38546645106801
48.335887112836126
170.6740339675411
114.43145245070316
164.3091081533699
71.80677391108189
55.55494118204426
67.88733221782637
113.57531294191374
122.56535477973338
114.08621782739155
121.94912536023487
97.0566265771227
46.77258435295554
80.03741600151696
64.77197969296076
359.21969688430823
98.18835649385983
385.94549887426473
72.9636795264276
142.28520598948094
27.755304468450802
89.32240932099934
295.49872844639026
92.12511180539856
22.59715581201958
107.68852743704589
62.17269785067055
71.80677391108189
87.18031551740026
104.80354386044779
190.8703201526116
122.79277385840075
58.94193929855573
119.1532441403694
97.73321193809865
99.98401145935058
73.91960033517748
54.275440431194404
142.32475198857748
148.2009428822932
164.3734743835827
109.8924925232846
66.04670324559041
64.45674542959074
156.83129871353063
260.2516210855068
90.86270470834498
286.72070501312766
124.23412429449148
271.7326424270363
76.73291973951133
268.97497729258856
66.78309800322016
86.02354488497957
65.33504884236002
220.83510444798273
60.1978707611611
49.02539303862325
254.3889182266831
96.25550594596756
87.30700042700934
42.94454287359705
67.4123554721244
159.997313159558
60.90023592122303
49.0834354229553
55.229820280631486
89.09192367084924
127.23207049944213
318.0535334106433
72.26829456424551
102.8393590110204
88.85284971675733
50.01512981283216
50.01478304303748
72.12762919352106
56.77869841445828
104.91984117938269
107.87391851911363
68.57155176486947
66.85298281633746
66.50672656508323
69.3511427082555
93.40826691091276
56.14035401196417
65.78158545067681
86.895068601386
61.32873644097014
69.42567418612535
102.46754216004946
284.1089448910805
47.08507444877347
86.26626563868162
90.44685393775771
76.05158858676897
72.93066038676672
85.54445250397488
85.25451327240799
54.55690360679878
73.80859736470161
87.71981931896856
74.09991598330241
63.52213600075754
71.95157829110074
93.02310611556969
66.85867455990167
274.41062153418494
52.17658117398938
44.63037621938586
46.3286730373357
153.1879668930438
48.66495620701175
45.599688260791964
21.469083590329195
95.49892617120832
76.46893650623197
171.1190012781061
57.141372433028465
74.77227757540038
49.06125386284006
108.83446864023124
111.86778278624662
108.73223233119654
50.646709300289814
47.172482914635204
63.196085074079974
151.94139761555033
151.65312881537034
83.65342747997519
77.44392619578875
72.41711590503749
44.372813952259975
100.87048673495816
107.21855196641654
129.266631180176
85.34948266786934
85.28328062265588
58.679950467004495
152.12004470752754
37.45921215823924
70.61870577905657
114.78926023276406
103.74372116934562
110.67788993762548
56.58635072642498
87.4226901328625
76.21637010649127
55.07734123349043
77.14886381188931
146.8576726469965
178.40533614961652
62.264639792648765
88.95316005763986
93.63098425834387
83.82606346387492
43.8615045438052
97.56741043145281
96.25707098201318
71.0847766419553
65.98415856834244
65.18591389448925
121.67118832472774
138.24487583786257
29.87956826470127
48.66495620701175
45.599688260791964
64.48567043846175
62.95873460097992
92.42790895665135
61.67616504548844
61.679332789814985
101.60478432312735
71.58857787861261
62.40384617614941
95.69600381328213
140.464608012912
95.77691744103322
63.028363862945994
87.61156576042077
72.70573392181505
88.68505431358115
91.27781745445918
87.48287553603288
90.88863351743483
91.14210617688232
113.35046837802781
89.42469195392638
75.15008326470527
95.09879428299612
87.88251811239405
71.17466047026429
68.56747427158176
78.09907148514459
52.83387813907128
55.96070526555624
66.01851801614326
116.0288145299378
147.64329671151773
136.70523927679588
132.11618330804768
130.61311969888504
227.91158919797482
62.95033222508926
108.51091315612527
84.76922164623221
95.80440360186614
179.42069105403374
122.96558068328136
49.08513704092428
46.792752044948166
54.768403084129545
70.48064909191955
128.3858291776667
129.50616502537312
83.15980373538225
216.82724378089196
140.2234396080156
157.77610761408002
31.539296377707025
42.865846722890794
182.44493588725962
59.639948034110105
59.639948034110105
59.639948034110105
65.69930407015922
242.43596648364323
78.30813693204853
95.79692603815865
44.12986473538351
55.13377594801654
44.63539731994785
49.597348325278624
128.97692195263284
265.49568416053273
57.956841438762936
138.6056128304771
27.136492648632547
34.76355355792688
68.25078381316065
38.50246162238084
44.5188819104079
18.189295484471607
68.31380368865572
55.60443462893245
44.34357609064953
30.703758883522607
21.80887914078906
61.54959277773135
20.566541834985568
54.95913187471788
52.703617105669835
131.1963277116329
48.744202789348336
54.531082406686345
82.6230389387683
41.05453785885522
29.339075628605286
56.57467233917864
59.938090012595445
85.61894108940042
111.92553052109331
159.29504245810583
103.88035487015559
158.46277145571315
146.5999010017045
128.87198380465162
96.27067214657514
54.287404420049654
93.78027471403922
52.75780921565605
48.698540791651624
124.87914030709842
72.17939247301597
53.75661284680186
25.179433764419464
111.13690251853987
102.10505813868878
108.73597061532007
121.34019090515807
130.2236488715092
94.99045454383906
93.45632297436545
91.74269437339436
101.58359040132878
67.53631707041346
79.11560378780739
73.50450452069283
103.49099227753454
43.04938129913047
57.30088653937963
43.04938270551406
43.75897708000792
96.13232972893431
137.49889392405754
74.64921875484949
58.87134047434626
92.08137037286095
132.66164772466638
177.09208081075053
60.044012834523095
172.24060556738178
175.69391802792802
99.98690285115
164.58930452907902
47.0251923234214
44.66742918804678
63.387194494169236
85.5516821405066
104.07220831020338
138.21065293859823
84.52064393551065
135.63671146943264
101.22822757439714
49.73784409176517
45.89263087190856
31.37907193687231
95.73722163302341
31.24189849865754
112.27815513346404
114.0738630478065
86.87167248397853
62.28943352450831
44.49360775201933
95.3645722914123
33.5230545575985
105.84101475689222
106.24602631739303
39.74712392792836
117.06982148563127
118.0530420401632
120.86993644074484
114.73733927767344
61.82198840391719
29.36443712920356
114.29977833092333
114.29596473354606
103.46851281962829
68.34891031836973
112.22527279513399
117.82803095735675
84.45678247033516
69.84417390726465
121.34417589038405
140.07597446656544
126.34258462100908
40.658518922793675
68.35915854827893
105.13418884992892
103.48254871707452
58.517197949496556
129.77936252549372
137.381925978646
73.82851076285509
152.53074471244142
88.23032645739427
95.81823701474421
101.20018978743433
109.53756140242061
57.390147320457736
67.95948642696452
109.3171804018877
190.40592901090758
95.55655612512604
80.44804652052125
85.50186106848217
74.70463715913293
119.76509249639919
131.19938005914554
74.9277782048838
74.38538863052113
73.17123746984508
73.26359307949228
73.61079632562154
74.94702973854304
72.34302115142987
74.329726721381
127.44912869890447
132.42347069682347
137.97333632799962
106.84225939629819
81.05459500796974
43.25489789847564
46.89295601305476
124.23494381682761
140.59548631341082
126.48400064979664
75.70269355474272
149.4538182261574
65.98310660652619
121.34728645267701
126.47137679690188
58.770803739220256
63.38493019052456
47.07160355842191
39.28690140055943
152.59671070645695
152.59722735505932
82.57588492249786
84.5597465874499
66.07137817052303
24.78120709262967
36.504154440318814
147.51091991955317
78.12155580941923
85.32782048722763
201.56111757012124
110.42586968175291
74.09905433199965
110.39456667496813
123.59141223997841
109.13934282984576
75.95417282568386
66.84130043313627
134.25752883873818
130.03303586409652
140.32146816312707
54.562195258396
110.03271837891467
101.704136249083
74.66260182735805
105.45020298546689
111.12503438799665
85.15510712246994
89.48886117860663
153.12996768739802
74.85964606151644
137.86563171670147
114.29414218588899
106.78840505478776
47.508819777180186
100.23397442160208
113.27709368089488
96.50477706615321
103.8174891168425
92.0488583747476
109.84423519599413
90.71342417998838
93.03192264189525
97.52813026145073
128.35579679521422
97.62771036772752
115.58087526433758
121.20858799151883
109.56723725444914
139.25680712770423
139.0643272344041
138.51266678618163
85.64469857576957
139.0296807642179
87.48560272612532
112.57701664634678
138.5549217968125
131.34569105322794
114.64021475713972
138.40716532642892
137.80777874428946
138.17074819302678
137.99345854610507
137.65696951999766
139.03531634003454
86.33847655819324
110.7005436860745
103.9869431582821
139.40621035345882
138.1820008649585
137.44203112906956
110.14212832474733
134.64092310574998
93.98016173806414
112.5007424830025
138.37164343560752
139.01083846841172
137.98641541205885
138.4937063377392
86.75477944153057
138.37674694943848
136.23004539026357
116.7836859810685
108.85143209896621
101.05861425179492
138.03949595478812
90.94855624930545
139.22626187677687
108.72970541959681
139.04881804900353
138.67891724008996
139.75845431934115
137.64864634753192
109.6453510892319
135.65142986484062
138.54358871183504
138.50692511171653
136.94189572896448
137.98832029957237
132.88679546158465
103.17072962328696
91.95967944170334
120.99350777926682
139.08097358213263
86.338923175973
103.80625168945838
138.96232494625997
139.38021034409718
138.58468450438355
139.75261289311297
99.4978044212829
139.31739042695025
138.83927723304703
139.4048530352215
111.26708011613565
138.46303965497293
139.4099300668726
138.6936234334824
139.42328556623775
138.4415701622321
138.7009463303253
139.3240723164714
96.09249717036431
130.47779999617103
102.663198512912
85.5930896200154
97.77565345036561
104.43447278120432
138.7371952716685
113.0020154530373
134.03911383619928
101.15384249553907
87.13828820826103
138.70323472873335
119.19140620985819
138.22666265733628
137.9085587074619
101.01633008144866
85.75086231344217
138.76871779089362
139.10116729491205
104.76093657769036
91.90574211730474
87.14171106133915
135.42663092883302
113.35247205181535
137.84861057162115
135.67507408007341
121.80593413731425
139.33641879709705
102.44408303950864
138.60385816901118
110.33350035112767
103.68707494532894
138.89045757249144
138.75013334891707
135.95233788519258
138.5216092447295
139.79978054288816
132.1706852567825
99.59973715883518
123.83134932919828
103.75395063449358
86.27568036070465
108.30259592155947
89.39982228286338
111.24849704457544
104.66289381931082
117.03615380130114
101.71484347129929
112.70703111834699
194.22952149171002
106.80531242828069
79.6749162557802
132.47584692109555
60.55686409486324
32.75550868881748
32.680536232421744
54.68863645097059
67.76396368253289
64.59282482595312
116.81249240413324
101.4578681591549
144.3941836523286
144.03497331844292
75.65523932513638
102.895468174508
81.31107756126768
95.9433624546049
49.58006240285998
249.52151055686508
130.4566425664913
36.360193971703204
90.24314780104355
122.10845404969453
76.27729098491463
52.41365095663265
94.0507208947895
103.11650392213481
106.06598622682736
67.87127490369261
101.30790543692841
69.16719547062912
37.3858745180873
76.41554460606073
84.08735687167767
77.1918121264444
93.80349694409497
98.26357723551283
81.74003755704719
71.457108847677
80.15207569993464
109.50197024614238
109.01792082554029
66.0064660282646
46.02253721569403
56.32841485975345
48.433735329753986
69.39644571325567
73.15484220212029
107.74349807600116
154.45731702429256
73.00299380131989
77.98996680623854
84.91099816665928
77.1154221424168
116.08913899273146
50.22035095058193
152.38935312444318
57.35074689917314
139.4392024369953
91.97712722487775
157.0635558862756
38.33289077660437
69.44546169040399
94.06742099513122
141.57241095650969
194.37356850282094
54.1592053547988
160.76173147797513
52.95645655456016
46.76287088921575
90.61618156488018
89.2214326540789
143.2406460602222
72.41836838039647
73.11860508243824
134.20377611992
131.43925167508877
125.90493598796296
131.85568457907664
52.84977125735502
104.00768169521828
80.02943593086627
104.56205042935645
104.47271729934657
82.3787219435055
101.88041966920784
55.54379047922095
50.14372910052007
97.25244921752926
100.12588979123805
137.02845167577985
189.54631629432984
180.871622656967
45.243114799476764
58.34554937615485
108.76628019253921
111.09000745563267
67.0712439367953
72.27965115332262
54.76723621090996
69.67278916515424
97.51493371848233
89.64260420315166
90.24008335894274
74.82782329109146
71.78486642674164
87.50140161766208
72.90335099384977
80.39812237442807
104.09130170581292
123.61681710217692
70.80027851998534
75.82670308323873
127.55074933380929
78.29249960040195
55.54428361070224
56.39029643071605
80.99160082720185
87.6690228515584
87.21516002960537
94.18441352774877
85.38595804315405
189.9336838717413
57.34588445921719
65.67188521127692
88.51580327464607
130.3105264445676
167.4361738781026
59.675203827747424
70.6648732475498
50.99590871237963
85.60912503453329
142.00695261186888
91.01180357818573
108.21569971246754
158.3747417256398
88.14875875578466
129.2796348310523
68.96212079621058
66.44939390044075
69.43284171295188
108.29129811714598
107.15417825748818
65.53122551063852
122.77012291256133
73.26103515622589
81.40980737481779
83.00502708493276
193.51367752134064
94.08160368572594
93.97950145301243
73.27773122603944
71.80007030917365
133.21228284230352
136.16502626966718
138.5374524586962
51.45607377819304
143.06988115671456
134.06332807907643
122.43568117344961
198.26852543133603
185.86279092393238
190.27064563507307
138.63537594417235
116.13117609347533
62.70127779736777
60.964261615372685
71.79499041482678
166.31654905585935
55.59013958718455
159.32343261797885
159.36440066661612
159.43389023047766
159.4894773057204
159.47757513548456
127.36998556596853
159.4059871112902
56.86425201432031
159.34549577501627
191.12382993054396
159.35657984274883
191.10349056018438
69.89865191675861
81.71153188780055
159.4619566828668
159.75635349023685
87.60268934453622
159.06799782810455
159.68602441676737
87.49811900956313
85.02776524991718
87.61066601565075
93.43243918883533
159.65232793176435
87.60269871075593
36.41243455177986
104.07738661882149
159.47930403782988
88.25224006957866
159.4894773057204
160.1078283087614
159.44987864811873
156.61916573639232
191.64851619550544
155.75342572032724
159.5257843829109
156.72899271380666
155.80798490810133
159.79085828864393
191.66344434539303
159.3645410873633
190.95058588755614
159.4614020718896
191.01573073775631
159.57294334034452
159.49237828065608
225.35475354293686
191.66416304888114
76.10930468855247
159.3115584659535
159.3198267834035
159.32976610358125
67.2524687554127
78.183538825903
159.33996103866247
140.24297716736314
101.96353681113479
159.2765842253447
159.3198267834035
166.53263628346352
159.28074851147684
105.76390069880381
159.2994866129239
159.68602441676737
159.26780459393657
121.31527467618368
148.72433701811144
159.33911197064805
159.24772207261992
106.03106612552779
159.4228546377751
90.73049448891149
159.469038161159
159.29070240043205
190.95142087237807
159.51889644403371
96.96322861067611
159.42428673052905
159.47757513548456
190.9516308661706
159.5012045123149
44.5368056471333
82.06915246067673
81.98213212409746
41.77083805118657
159.28354958883205
224.46659410791514
159.4614020718896
191.01573073775631
140.24297716736314
101.96353681113479
190.91353300156348
160.1583023893714
160.20074783826675
160.13299526154978
156.5214880352833
